    1    0.95238095238095247E-02    0.10000000000000000E+01    0.00000000000000000E+00    0.00000000000000000E+00
    2    0.95238095238095247E-02   -0.10000000000000000E+01    0.00000000000000000E+00    0.00000000000000000E+00
    3    0.95238095238095247E-02    0.00000000000000000E+00    0.10000000000000000E+01    0.00000000000000000E+00
    4    0.95238095238095247E-02    0.00000000000000000E+00   -0.10000000000000000E+01    0.00000000000000000E+00
    5    0.95238095238095247E-02    0.00000000000000000E+00    0.00000000000000000E+00    0.10000000000000000E+01
    6    0.95238095238095247E-02    0.00000000000000000E+00    0.00000000000000000E+00   -0.10000000000000000E+01
    7    0.32142857142857140E-01   -0.57735026918962584E+00   -0.57735026918962584E+00   -0.57735026918962584E+00
    8    0.32142857142857140E-01   -0.57735026918962584E+00   -0.57735026918962584E+00    0.57735026918962584E+00
    9    0.32142857142857140E-01   -0.57735026918962584E+00    0.57735026918962584E+00   -0.57735026918962584E+00
   10    0.32142857142857140E-01   -0.57735026918962584E+00    0.57735026918962584E+00    0.57735026918962584E+00
   11    0.32142857142857140E-01    0.57735026918962584E+00   -0.57735026918962584E+00   -0.57735026918962584E+00
   12    0.32142857142857140E-01    0.57735026918962584E+00   -0.57735026918962584E+00    0.57735026918962584E+00
   13    0.32142857142857140E-01    0.57735026918962584E+00    0.57735026918962584E+00   -0.57735026918962584E+00
   14    0.32142857142857140E-01    0.57735026918962584E+00    0.57735026918962584E+00    0.57735026918962584E+00
   15    0.28571428571400000E-01   -0.88807383397700002E+00   -0.45970084338099998E+00    0.00000000000000000E+00
   16    0.28571428571400000E-01   -0.88807383397700002E+00    0.45970084338099998E+00    0.00000000000000000E+00
   17    0.28571428571400000E-01    0.88807383397700002E+00   -0.45970084338099998E+00    0.00000000000000000E+00
   18    0.28571428571400000E-01    0.88807383397700002E+00    0.45970084338099998E+00    0.00000000000000000E+00
   19    0.28571428571400000E-01   -0.45970084338099998E+00   -0.88807383397700002E+00    0.00000000000000000E+00
   20    0.28571428571400000E-01   -0.45970084338099998E+00    0.88807383397700002E+00    0.00000000000000000E+00
   21    0.28571428571400000E-01    0.45970084338099998E+00   -0.88807383397700002E+00    0.00000000000000000E+00
   22    0.28571428571400000E-01    0.45970084338099998E+00    0.88807383397700002E+00    0.00000000000000000E+00
   23    0.28571428571400000E-01   -0.88807383397700002E+00    0.00000000000000000E+00   -0.45970084338099998E+00
   24    0.28571428571400000E-01   -0.88807383397700002E+00    0.00000000000000000E+00    0.45970084338099998E+00
   25    0.28571428571400000E-01    0.88807383397700002E+00    0.00000000000000000E+00   -0.45970084338099998E+00
   26    0.28571428571400000E-01    0.88807383397700002E+00    0.00000000000000000E+00    0.45970084338099998E+00
   27    0.28571428571400000E-01   -0.45970084338099998E+00    0.00000000000000000E+00   -0.88807383397700002E+00
   28    0.28571428571400000E-01   -0.45970084338099998E+00    0.00000000000000000E+00    0.88807383397700002E+00
   29    0.28571428571400000E-01    0.45970084338099998E+00    0.00000000000000000E+00   -0.88807383397700002E+00
   30    0.28571428571400000E-01    0.45970084338099998E+00    0.00000000000000000E+00    0.88807383397700002E+00
   31    0.28571428571400000E-01    0.00000000000000000E+00   -0.88807383397700002E+00   -0.45970084338099998E+00
   32    0.28571428571400000E-01    0.00000000000000000E+00   -0.88807383397700002E+00    0.45970084338099998E+00
   33    0.28571428571400000E-01    0.00000000000000000E+00    0.88807383397700002E+00   -0.45970084338099998E+00
   34    0.28571428571400000E-01    0.00000000000000000E+00    0.88807383397700002E+00    0.45970084338099998E+00
   35    0.28571428571400000E-01    0.00000000000000000E+00   -0.45970084338099998E+00   -0.88807383397700002E+00
   36    0.28571428571400000E-01    0.00000000000000000E+00   -0.45970084338099998E+00    0.88807383397700002E+00
   37    0.28571428571400000E-01    0.00000000000000000E+00    0.45970084338099998E+00   -0.88807383397700002E+00
   38    0.28571428571400000E-01    0.00000000000000000E+00    0.45970084338099998E+00    0.88807383397700002E+00