      1    0.55448429020373653E-02    0.10000000000000000E+01    0.00000000000000000E+00    0.00000000000000000E+00
      2    0.55448429020373653E-02   -0.10000000000000000E+01    0.00000000000000000E+00    0.00000000000000000E+00
      3    0.55448429020373653E-02    0.00000000000000000E+00    0.10000000000000000E+01    0.00000000000000000E+00
      4    0.55448429020373653E-02    0.00000000000000000E+00   -0.10000000000000000E+01    0.00000000000000000E+00
      5    0.55448429020373653E-02    0.00000000000000000E+00    0.00000000000000000E+00    0.10000000000000000E+01
      6    0.55448429020373653E-02    0.00000000000000000E+00    0.00000000000000000E+00   -0.10000000000000000E+01
      7    0.60713327706707516E-02    0.00000000000000000E+00    0.70710678118654757E+00    0.70710678118654757E+00
      8    0.60713327706707516E-02    0.00000000000000000E+00   -0.70710678118654757E+00    0.70710678118654757E+00
      9    0.60713327706707516E-02    0.00000000000000000E+00    0.70710678118654757E+00   -0.70710678118654757E+00
     10    0.60713327706707516E-02    0.00000000000000000E+00   -0.70710678118654757E+00   -0.70710678118654757E+00
     11    0.60713327706707516E-02    0.70710678118654757E+00    0.00000000000000000E+00    0.70710678118654757E+00
     12    0.60713327706707516E-02   -0.70710678118654757E+00    0.00000000000000000E+00    0.70710678118654757E+00
     13    0.60713327706707516E-02    0.70710678118654757E+00    0.00000000000000000E+00   -0.70710678118654757E+00
     14    0.60713327706707516E-02   -0.70710678118654757E+00    0.00000000000000000E+00   -0.70710678118654757E+00
     15    0.60713327706707516E-02    0.70710678118654757E+00    0.70710678118654757E+00    0.00000000000000000E+00
     16    0.60713327706707516E-02   -0.70710678118654757E+00    0.70710678118654757E+00    0.00000000000000000E+00
     17    0.60713327706707516E-02    0.70710678118654757E+00   -0.70710678118654757E+00    0.00000000000000000E+00
     18    0.60713327706707516E-02   -0.70710678118654757E+00   -0.70710678118654757E+00    0.00000000000000000E+00
     19    0.63836747735150929E-02    0.57735026918962573E+00    0.57735026918962573E+00    0.57735026918962573E+00
     20    0.63836747735150929E-02   -0.57735026918962573E+00    0.57735026918962573E+00    0.57735026918962573E+00
     21    0.63836747735150929E-02    0.57735026918962573E+00   -0.57735026918962573E+00    0.57735026918962573E+00
     22    0.63836747735150929E-02   -0.57735026918962573E+00   -0.57735026918962573E+00    0.57735026918962573E+00
     23    0.63836747735150929E-02    0.57735026918962573E+00    0.57735026918962573E+00   -0.57735026918962573E+00
     24    0.63836747735150929E-02   -0.57735026918962573E+00    0.57735026918962573E+00   -0.57735026918962573E+00
     25    0.63836747735150929E-02    0.57735026918962573E+00   -0.57735026918962573E+00   -0.57735026918962573E+00
     26    0.63836747735150929E-02   -0.57735026918962573E+00   -0.57735026918962573E+00   -0.57735026918962573E+00
     27    0.51833875877477899E-02    0.25512526211141340E+00    0.25512526211141340E+00    0.93264259031269059E+00
     28    0.51833875877477899E-02   -0.25512526211141340E+00    0.25512526211141340E+00    0.93264259031269059E+00
     29    0.51833875877477899E-02    0.25512526211141340E+00   -0.25512526211141340E+00    0.93264259031269059E+00
     30    0.51833875877477899E-02   -0.25512526211141340E+00   -0.25512526211141340E+00    0.93264259031269059E+00
     31    0.51833875877477899E-02    0.25512526211141340E+00    0.25512526211141340E+00   -0.93264259031269059E+00
     32    0.51833875877477899E-02   -0.25512526211141340E+00    0.25512526211141340E+00   -0.93264259031269059E+00
     33    0.51833875877477899E-02    0.25512526211141340E+00   -0.25512526211141340E+00   -0.93264259031269059E+00
     34    0.51833875877477899E-02   -0.25512526211141340E+00   -0.25512526211141340E+00   -0.93264259031269059E+00
     35    0.51833875877477899E-02    0.25512526211141340E+00    0.93264259031269059E+00    0.25512526211141340E+00
     36    0.51833875877477899E-02   -0.25512526211141340E+00    0.93264259031269059E+00    0.25512526211141340E+00
     37    0.51833875877477899E-02    0.25512526211141340E+00   -0.93264259031269059E+00    0.25512526211141340E+00
     38    0.51833875877477899E-02   -0.25512526211141340E+00   -0.93264259031269059E+00    0.25512526211141340E+00
     39    0.51833875877477899E-02    0.25512526211141340E+00    0.93264259031269059E+00   -0.25512526211141340E+00
     40    0.51833875877477899E-02   -0.25512526211141340E+00    0.93264259031269059E+00   -0.25512526211141340E+00
     41    0.51833875877477899E-02    0.25512526211141340E+00   -0.93264259031269059E+00   -0.25512526211141340E+00
     42    0.51833875877477899E-02   -0.25512526211141340E+00   -0.93264259031269059E+00   -0.25512526211141340E+00
     43    0.51833875877477899E-02    0.93264259031269059E+00    0.25512526211141340E+00    0.25512526211141340E+00
     44    0.51833875877477899E-02   -0.93264259031269059E+00    0.25512526211141340E+00    0.25512526211141340E+00
     45    0.51833875877477899E-02    0.93264259031269059E+00   -0.25512526211141340E+00    0.25512526211141340E+00
     46    0.51833875877477899E-02   -0.93264259031269059E+00   -0.25512526211141340E+00    0.25512526211141340E+00
     47    0.51833875877477899E-02    0.93264259031269059E+00    0.25512526211141340E+00   -0.25512526211141340E+00
     48    0.51833875877477899E-02   -0.93264259031269059E+00    0.25512526211141340E+00   -0.25512526211141340E+00
     49    0.51833875877477899E-02    0.93264259031269059E+00   -0.25512526211141340E+00   -0.25512526211141340E+00
     50    0.51833875877477899E-02   -0.93264259031269059E+00   -0.25512526211141340E+00   -0.25512526211141340E+00
     51    0.63179290098137253E-02    0.67436014603627659E+00    0.67436014603627659E+00    0.30079359513770149E+00
     52    0.63179290098137253E-02   -0.67436014603627659E+00    0.67436014603627659E+00    0.30079359513770149E+00
     53    0.63179290098137253E-02    0.67436014603627659E+00   -0.67436014603627659E+00    0.30079359513770149E+00
     54    0.63179290098137253E-02   -0.67436014603627659E+00   -0.67436014603627659E+00    0.30079359513770149E+00
     55    0.63179290098137253E-02    0.67436014603627659E+00    0.67436014603627659E+00   -0.30079359513770149E+00
     56    0.63179290098137253E-02   -0.67436014603627659E+00    0.67436014603627659E+00   -0.30079359513770149E+00
     57    0.63179290098137253E-02    0.67436014603627659E+00   -0.67436014603627659E+00   -0.30079359513770149E+00
     58    0.63179290098137253E-02   -0.67436014603627659E+00   -0.67436014603627659E+00   -0.30079359513770149E+00
     59    0.63179290098137253E-02    0.67436014603627659E+00    0.30079359513770149E+00    0.67436014603627659E+00
     60    0.63179290098137253E-02   -0.67436014603627659E+00    0.30079359513770149E+00    0.67436014603627659E+00
     61    0.63179290098137253E-02    0.67436014603627659E+00   -0.30079359513770149E+00    0.67436014603627659E+00
     62    0.63179290098137253E-02   -0.67436014603627659E+00   -0.30079359513770149E+00    0.67436014603627659E+00
     63    0.63179290098137253E-02    0.67436014603627659E+00    0.30079359513770149E+00   -0.67436014603627659E+00
     64    0.63179290098137253E-02   -0.67436014603627659E+00    0.30079359513770149E+00   -0.67436014603627659E+00
     65    0.63179290098137253E-02    0.67436014603627659E+00   -0.30079359513770149E+00   -0.67436014603627659E+00
     66    0.63179290098137253E-02   -0.67436014603627659E+00   -0.30079359513770149E+00   -0.67436014603627659E+00
     67    0.63179290098137253E-02    0.30079359513770149E+00    0.67436014603627659E+00    0.67436014603627659E+00
     68    0.63179290098137253E-02   -0.30079359513770149E+00    0.67436014603627659E+00    0.67436014603627659E+00
     69    0.63179290098137253E-02    0.30079359513770149E+00   -0.67436014603627659E+00    0.67436014603627659E+00
     70    0.63179290098137253E-02   -0.30079359513770149E+00   -0.67436014603627659E+00    0.67436014603627659E+00
     71    0.63179290098137253E-02    0.30079359513770149E+00    0.67436014603627659E+00   -0.67436014603627659E+00
     72    0.63179290098137253E-02   -0.30079359513770149E+00    0.67436014603627659E+00   -0.67436014603627659E+00
     73    0.63179290098137253E-02    0.30079359513770149E+00   -0.67436014603627659E+00   -0.67436014603627659E+00
     74    0.63179290098137253E-02   -0.30079359513770149E+00   -0.67436014603627659E+00   -0.67436014603627659E+00
     75    0.62016700065890768E-02    0.43189106967194102E+00    0.43189106967194102E+00    0.79179555939349211E+00
     76    0.62016700065890768E-02   -0.43189106967194102E+00    0.43189106967194102E+00    0.79179555939349211E+00
     77    0.62016700065890768E-02    0.43189106967194102E+00   -0.43189106967194102E+00    0.79179555939349211E+00
     78    0.62016700065890768E-02   -0.43189106967194102E+00   -0.43189106967194102E+00    0.79179555939349211E+00
     79    0.62016700065890768E-02    0.43189106967194102E+00    0.43189106967194102E+00   -0.79179555939349211E+00
     80    0.62016700065890768E-02   -0.43189106967194102E+00    0.43189106967194102E+00   -0.79179555939349211E+00
     81    0.62016700065890768E-02    0.43189106967194102E+00   -0.43189106967194102E+00   -0.79179555939349211E+00
     82    0.62016700065890768E-02   -0.43189106967194102E+00   -0.43189106967194102E+00   -0.79179555939349211E+00
     83    0.62016700065890768E-02    0.43189106967194102E+00    0.79179555939349211E+00    0.43189106967194102E+00
     84    0.62016700065890768E-02   -0.43189106967194102E+00    0.79179555939349211E+00    0.43189106967194102E+00
     85    0.62016700065890768E-02    0.43189106967194102E+00   -0.79179555939349211E+00    0.43189106967194102E+00
     86    0.62016700065890768E-02   -0.43189106967194102E+00   -0.79179555939349211E+00    0.43189106967194102E+00
     87    0.62016700065890768E-02    0.43189106967194102E+00    0.79179555939349211E+00   -0.43189106967194102E+00
     88    0.62016700065890768E-02   -0.43189106967194102E+00    0.79179555939349211E+00   -0.43189106967194102E+00
     89    0.62016700065890768E-02    0.43189106967194102E+00   -0.79179555939349211E+00   -0.43189106967194102E+00
     90    0.62016700065890768E-02   -0.43189106967194102E+00   -0.79179555939349211E+00   -0.43189106967194102E+00
     91    0.62016700065890768E-02    0.79179555939349211E+00    0.43189106967194102E+00    0.43189106967194102E+00
     92    0.62016700065890768E-02   -0.79179555939349211E+00    0.43189106967194102E+00    0.43189106967194102E+00
     93    0.62016700065890768E-02    0.79179555939349211E+00   -0.43189106967194102E+00    0.43189106967194102E+00
     94    0.62016700065890768E-02   -0.79179555939349211E+00   -0.43189106967194102E+00    0.43189106967194102E+00
     95    0.62016700065890768E-02    0.79179555939349211E+00    0.43189106967194102E+00   -0.43189106967194102E+00
     96    0.62016700065890768E-02   -0.79179555939349211E+00    0.43189106967194102E+00   -0.43189106967194102E+00
     97    0.62016700065890768E-02    0.79179555939349211E+00   -0.43189106967194102E+00   -0.43189106967194102E+00
     98    0.62016700065890768E-02   -0.79179555939349211E+00   -0.43189106967194102E+00   -0.43189106967194102E+00
     99    0.54771433851373477E-02    0.26139313603359882E+00    0.96523242197644843E+00    0.00000000000000000E+00
    100    0.54771433851373477E-02   -0.26139313603359882E+00    0.96523242197644843E+00    0.00000000000000000E+00
    101    0.54771433851373477E-02    0.26139313603359882E+00   -0.96523242197644843E+00    0.00000000000000000E+00
    102    0.54771433851373477E-02   -0.26139313603359882E+00   -0.96523242197644843E+00    0.00000000000000000E+00
    103    0.54771433851373477E-02    0.96523242197644843E+00    0.26139313603359882E+00    0.00000000000000000E+00
    104    0.54771433851373477E-02   -0.96523242197644843E+00    0.26139313603359882E+00    0.00000000000000000E+00
    105    0.54771433851373477E-02    0.96523242197644843E+00   -0.26139313603359882E+00    0.00000000000000000E+00
    106    0.54771433851373477E-02   -0.96523242197644843E+00   -0.26139313603359882E+00    0.00000000000000000E+00
    107    0.54771433851373477E-02    0.26139313603359882E+00    0.00000000000000000E+00    0.96523242197644843E+00
    108    0.54771433851373477E-02   -0.26139313603359882E+00    0.00000000000000000E+00    0.96523242197644843E+00
    109    0.54771433851373477E-02    0.26139313603359882E+00    0.00000000000000000E+00   -0.96523242197644843E+00
    110    0.54771433851373477E-02   -0.26139313603359882E+00    0.00000000000000000E+00   -0.96523242197644843E+00
    111    0.54771433851373477E-02    0.96523242197644843E+00    0.00000000000000000E+00    0.26139313603359882E+00
    112    0.54771433851373477E-02   -0.96523242197644843E+00    0.00000000000000000E+00    0.26139313603359882E+00
    113    0.54771433851373477E-02    0.96523242197644843E+00    0.00000000000000000E+00   -0.26139313603359882E+00
    114    0.54771433851373477E-02   -0.96523242197644843E+00    0.00000000000000000E+00   -0.26139313603359882E+00
    115    0.54771433851373477E-02    0.00000000000000000E+00    0.26139313603359882E+00    0.96523242197644843E+00
    116    0.54771433851373477E-02    0.00000000000000000E+00   -0.26139313603359882E+00    0.96523242197644843E+00
    117    0.54771433851373477E-02    0.00000000000000000E+00    0.26139313603359882E+00   -0.96523242197644843E+00
    118    0.54771433851373477E-02    0.00000000000000000E+00   -0.26139313603359882E+00   -0.96523242197644843E+00
    119    0.54771433851373477E-02    0.00000000000000000E+00    0.96523242197644843E+00    0.26139313603359882E+00
    120    0.54771433851373477E-02    0.00000000000000000E+00   -0.96523242197644843E+00    0.26139313603359882E+00
    121    0.54771433851373477E-02    0.00000000000000000E+00    0.96523242197644843E+00   -0.26139313603359882E+00
    122    0.54771433851373477E-02    0.00000000000000000E+00   -0.96523242197644843E+00   -0.26139313603359882E+00
    123    0.59683839876811563E-02    0.49904531617960368E+00    0.14466307443251150E+00    0.85441580468465883E+00
    124    0.59683839876811563E-02   -0.49904531617960368E+00    0.14466307443251150E+00    0.85441580468465883E+00
    125    0.59683839876811563E-02    0.49904531617960368E+00   -0.14466307443251150E+00    0.85441580468465883E+00
    126    0.59683839876811563E-02   -0.49904531617960368E+00   -0.14466307443251150E+00    0.85441580468465883E+00
    127    0.59683839876811563E-02    0.49904531617960368E+00    0.14466307443251150E+00   -0.85441580468465883E+00
    128    0.59683839876811563E-02   -0.49904531617960368E+00    0.14466307443251150E+00   -0.85441580468465883E+00
    129    0.59683839876811563E-02    0.49904531617960368E+00   -0.14466307443251150E+00   -0.85441580468465883E+00
    130    0.59683839876811563E-02   -0.49904531617960368E+00   -0.14466307443251150E+00   -0.85441580468465883E+00
    131    0.59683839876811563E-02    0.49904531617960368E+00    0.85441580468465883E+00    0.14466307443251150E+00
    132    0.59683839876811563E-02   -0.49904531617960368E+00    0.85441580468465883E+00    0.14466307443251150E+00
    133    0.59683839876811563E-02    0.49904531617960368E+00   -0.85441580468465883E+00    0.14466307443251150E+00
    134    0.59683839876811563E-02   -0.49904531617960368E+00   -0.85441580468465883E+00    0.14466307443251150E+00
    135    0.59683839876811563E-02    0.49904531617960368E+00    0.85441580468465883E+00   -0.14466307443251150E+00
    136    0.59683839876811563E-02   -0.49904531617960368E+00    0.85441580468465883E+00   -0.14466307443251150E+00
    137    0.59683839876811563E-02    0.49904531617960368E+00   -0.85441580468465883E+00   -0.14466307443251150E+00
    138    0.59683839876811563E-02   -0.49904531617960368E+00   -0.85441580468465883E+00   -0.14466307443251150E+00
    139    0.59683839876811563E-02    0.14466307443251150E+00    0.49904531617960368E+00    0.85441580468465883E+00
    140    0.59683839876811563E-02   -0.14466307443251150E+00    0.49904531617960368E+00    0.85441580468465883E+00
    141    0.59683839876811563E-02    0.14466307443251150E+00   -0.49904531617960368E+00    0.85441580468465883E+00
    142    0.59683839876811563E-02   -0.14466307443251150E+00   -0.49904531617960368E+00    0.85441580468465883E+00
    143    0.59683839876811563E-02    0.14466307443251150E+00    0.49904531617960368E+00   -0.85441580468465883E+00
    144    0.59683839876811563E-02   -0.14466307443251150E+00    0.49904531617960368E+00   -0.85441580468465883E+00
    145    0.59683839876811563E-02    0.14466307443251150E+00   -0.49904531617960368E+00   -0.85441580468465883E+00
    146    0.59683839876811563E-02   -0.14466307443251150E+00   -0.49904531617960368E+00   -0.85441580468465883E+00
    147    0.59683839876811563E-02    0.14466307443251150E+00    0.85441580468465883E+00    0.49904531617960368E+00
    148    0.59683839876811563E-02   -0.14466307443251150E+00    0.85441580468465883E+00    0.49904531617960368E+00
    149    0.59683839876811563E-02    0.14466307443251150E+00   -0.85441580468465883E+00    0.49904531617960368E+00
    150    0.59683839876811563E-02   -0.14466307443251150E+00   -0.85441580468465883E+00    0.49904531617960368E+00
    151    0.59683839876811563E-02    0.14466307443251150E+00    0.85441580468465883E+00   -0.49904531617960368E+00
    152    0.59683839876811563E-02   -0.14466307443251150E+00    0.85441580468465883E+00   -0.49904531617960368E+00
    153    0.59683839876811563E-02    0.14466307443251150E+00   -0.85441580468465883E+00   -0.49904531617960368E+00
    154    0.59683839876811563E-02   -0.14466307443251150E+00   -0.85441580468465883E+00   -0.49904531617960368E+00
    155    0.59683839876811563E-02    0.85441580468465883E+00    0.49904531617960368E+00    0.14466307443251150E+00
    156    0.59683839876811563E-02   -0.85441580468465883E+00    0.49904531617960368E+00    0.14466307443251150E+00
    157    0.59683839876811563E-02    0.85441580468465883E+00   -0.49904531617960368E+00    0.14466307443251150E+00
    158    0.59683839876811563E-02   -0.85441580468465883E+00   -0.49904531617960368E+00    0.14466307443251150E+00
    159    0.59683839876811563E-02    0.85441580468465883E+00    0.49904531617960368E+00   -0.14466307443251150E+00
    160    0.59683839876811563E-02   -0.85441580468465883E+00    0.49904531617960368E+00   -0.14466307443251150E+00
    161    0.59683839876811563E-02    0.85441580468465883E+00   -0.49904531617960368E+00   -0.14466307443251150E+00
    162    0.59683839876811563E-02   -0.85441580468465883E+00   -0.49904531617960368E+00   -0.14466307443251150E+00
    163    0.59683839876811563E-02    0.85441580468465883E+00    0.14466307443251150E+00    0.49904531617960368E+00
    164    0.59683839876811563E-02   -0.85441580468465883E+00    0.14466307443251150E+00    0.49904531617960368E+00
    165    0.59683839876811563E-02    0.85441580468465883E+00   -0.14466307443251150E+00    0.49904531617960368E+00
    166    0.59683839876811563E-02   -0.85441580468465883E+00   -0.14466307443251150E+00    0.49904531617960368E+00
    167    0.59683839876811563E-02    0.85441580468465883E+00    0.14466307443251150E+00   -0.49904531617960368E+00
    168    0.59683839876811563E-02   -0.85441580468465883E+00    0.14466307443251150E+00   -0.49904531617960368E+00
    169    0.59683839876811563E-02    0.85441580468465883E+00   -0.14466307443251150E+00   -0.49904531617960368E+00
    170    0.59683839876811563E-02   -0.85441580468465883E+00   -0.14466307443251150E+00   -0.49904531617960368E+00
