    1    0.38282705936580896E-02    0.10000000000000000E+01    0.00000000000000000E+00    0.00000000000000000E+00
    2    0.38282705936580896E-02   -0.10000000000000000E+01    0.00000000000000000E+00    0.00000000000000000E+00
    3    0.38282705936580896E-02    0.00000000000000000E+00    0.10000000000000000E+01    0.00000000000000000E+00
    4    0.38282705936580896E-02    0.00000000000000000E+00   -0.10000000000000000E+01    0.00000000000000000E+00
    5    0.38282705936580896E-02    0.00000000000000000E+00    0.00000000000000000E+00    0.10000000000000000E+01
    6    0.38282705936580896E-02    0.00000000000000000E+00    0.00000000000000000E+00   -0.10000000000000000E+01
    7    0.98855001851916313E-02   -0.57735026918962584E+00   -0.57735026918962584E+00   -0.57735026918962584E+00
    8    0.98855001851916313E-02   -0.57735026918962584E+00   -0.57735026918962584E+00    0.57735026918962584E+00
    9    0.98855001851916313E-02   -0.57735026918962584E+00    0.57735026918962584E+00   -0.57735026918962584E+00
   10    0.98855001851916313E-02   -0.57735026918962584E+00    0.57735026918962584E+00    0.57735026918962584E+00
   11    0.98855001851916313E-02    0.57735026918962584E+00   -0.57735026918962584E+00   -0.57735026918962584E+00
   12    0.98855001851916313E-02    0.57735026918962584E+00   -0.57735026918962584E+00    0.57735026918962584E+00
   13    0.98855001851916313E-02    0.57735026918962584E+00    0.57735026918962584E+00   -0.57735026918962584E+00
   14    0.98855001851916313E-02    0.57735026918962584E+00    0.57735026918962584E+00    0.57735026918962584E+00
   15    0.84406804823200007E-02   -0.18511563534500000E+00   -0.96512403508699995E+00   -0.18511563534500000E+00
   16    0.84406804823200007E-02   -0.18511563534500000E+00   -0.96512403508699995E+00    0.18511563534500000E+00
   17    0.84406804823200007E-02   -0.18511563534500000E+00    0.96512403508699995E+00   -0.18511563534500000E+00
   18    0.84406804823200007E-02   -0.18511563534500000E+00    0.96512403508699995E+00    0.18511563534500000E+00
   19    0.84406804823200007E-02    0.18511563534500000E+00   -0.96512403508699995E+00   -0.18511563534500000E+00
   20    0.84406804823200007E-02    0.18511563534500000E+00   -0.96512403508699995E+00    0.18511563534500000E+00
   21    0.84406804823200007E-02    0.18511563534500000E+00    0.96512403508699995E+00   -0.18511563534500000E+00
   22    0.84406804823200007E-02    0.18511563534500000E+00    0.96512403508699995E+00    0.18511563534500000E+00
   23    0.84406804823200007E-02   -0.18511563534500000E+00   -0.18511563534500000E+00   -0.96512403508699995E+00
   24    0.84406804823200007E-02   -0.18511563534500000E+00   -0.18511563534500000E+00    0.96512403508699995E+00
   25    0.84406804823200007E-02   -0.18511563534500000E+00    0.18511563534500000E+00   -0.96512403508699995E+00
   26    0.84406804823200007E-02   -0.18511563534500000E+00    0.18511563534500000E+00    0.96512403508699995E+00
   27    0.84406804823200007E-02    0.18511563534500000E+00   -0.18511563534500000E+00   -0.96512403508699995E+00
   28    0.84406804823200007E-02    0.18511563534500000E+00   -0.18511563534500000E+00    0.96512403508699995E+00
   29    0.84406804823200007E-02    0.18511563534500000E+00    0.18511563534500000E+00   -0.96512403508699995E+00
   30    0.84406804823200007E-02    0.18511563534500000E+00    0.18511563534500000E+00    0.96512403508699995E+00
   31    0.84406804823200007E-02   -0.96512403508699995E+00   -0.18511563534500000E+00   -0.18511563534500000E+00
   32    0.84406804823200007E-02   -0.96512403508699995E+00   -0.18511563534500000E+00    0.18511563534500000E+00
   33    0.84406804823200007E-02   -0.96512403508699995E+00    0.18511563534500000E+00   -0.18511563534500000E+00
   34    0.84406804823200007E-02   -0.96512403508699995E+00    0.18511563534500000E+00    0.18511563534500000E+00
   35    0.84406804823200007E-02    0.96512403508699995E+00   -0.18511563534500000E+00   -0.18511563534500000E+00
   36    0.84406804823200007E-02    0.96512403508699995E+00   -0.18511563534500000E+00    0.18511563534500000E+00
   37    0.84406804823200007E-02    0.96512403508699995E+00    0.18511563534500000E+00   -0.18511563534500000E+00
   38    0.84406804823200007E-02    0.96512403508699995E+00    0.18511563534500000E+00    0.18511563534500000E+00
   39    0.95954713360699995E-02   -0.38338615263800002E+00   -0.84025598238400001E+00   -0.38338615263800002E+00
   40    0.95954713360699995E-02   -0.38338615263800002E+00   -0.84025598238400001E+00    0.38338615263800002E+00
   41    0.95954713360699995E-02   -0.38338615263800002E+00    0.84025598238400001E+00   -0.38338615263800002E+00
   42    0.95954713360699995E-02   -0.38338615263800002E+00    0.84025598238400001E+00    0.38338615263800002E+00
   43    0.95954713360699995E-02    0.38338615263800002E+00   -0.84025598238400001E+00   -0.38338615263800002E+00
   44    0.95954713360699995E-02    0.38338615263800002E+00   -0.84025598238400001E+00    0.38338615263800002E+00
   45    0.95954713360699995E-02    0.38338615263800002E+00    0.84025598238400001E+00   -0.38338615263800002E+00
   46    0.95954713360699995E-02    0.38338615263800002E+00    0.84025598238400001E+00    0.38338615263800002E+00
   47    0.95954713360699995E-02   -0.38338615263800002E+00   -0.38338615263800002E+00   -0.84025598238400001E+00
   48    0.95954713360699995E-02   -0.38338615263800002E+00   -0.38338615263800002E+00    0.84025598238400001E+00
   49    0.95954713360699995E-02   -0.38338615263800002E+00    0.38338615263800002E+00   -0.84025598238400001E+00
   50    0.95954713360699995E-02   -0.38338615263800002E+00    0.38338615263800002E+00    0.84025598238400001E+00
   51    0.95954713360699995E-02    0.38338615263800002E+00   -0.38338615263800002E+00   -0.84025598238400001E+00
   52    0.95954713360699995E-02    0.38338615263800002E+00   -0.38338615263800002E+00    0.84025598238400001E+00
   53    0.95954713360699995E-02    0.38338615263800002E+00    0.38338615263800002E+00   -0.84025598238400001E+00
   54    0.95954713360699995E-02    0.38338615263800002E+00    0.38338615263800002E+00    0.84025598238400001E+00
   55    0.95954713360699995E-02   -0.84025598238400001E+00   -0.38338615263800002E+00   -0.38338615263800002E+00
   56    0.95954713360699995E-02   -0.84025598238400001E+00   -0.38338615263800002E+00    0.38338615263800002E+00
   57    0.95954713360699995E-02   -0.84025598238400001E+00    0.38338615263800002E+00   -0.38338615263800002E+00
   58    0.95954713360699995E-02   -0.84025598238400001E+00    0.38338615263800002E+00    0.38338615263800002E+00
   59    0.95954713360699995E-02    0.84025598238400001E+00   -0.38338615263800002E+00   -0.38338615263800002E+00
   60    0.95954713360699995E-02    0.84025598238400001E+00   -0.38338615263800002E+00    0.38338615263800002E+00
   61    0.95954713360699995E-02    0.84025598238400001E+00    0.38338615263800002E+00   -0.38338615263800002E+00
   62    0.95954713360699995E-02    0.84025598238400001E+00    0.38338615263800002E+00    0.38338615263800002E+00
   63    0.99428148911800008E-02   -0.69042104838200002E+00   -0.23880786692900000E+00   -0.69042104838200002E+00
   64    0.99428148911800008E-02   -0.69042104838200002E+00   -0.23880786692900000E+00    0.69042104838200002E+00
   65    0.99428148911800008E-02   -0.69042104838200002E+00    0.23880786692900000E+00   -0.69042104838200002E+00
   66    0.99428148911800008E-02   -0.69042104838200002E+00    0.23880786692900000E+00    0.69042104838200002E+00
   67    0.99428148911800008E-02    0.69042104838200002E+00   -0.23880786692900000E+00   -0.69042104838200002E+00
   68    0.99428148911800008E-02    0.69042104838200002E+00   -0.23880786692900000E+00    0.69042104838200002E+00
   69    0.99428148911800008E-02    0.69042104838200002E+00    0.23880786692900000E+00   -0.69042104838200002E+00
   70    0.99428148911800008E-02    0.69042104838200002E+00    0.23880786692900000E+00    0.69042104838200002E+00
   71    0.99428148911800008E-02   -0.69042104838200002E+00   -0.69042104838200002E+00   -0.23880786692900000E+00
   72    0.99428148911800008E-02   -0.69042104838200002E+00   -0.69042104838200002E+00    0.23880786692900000E+00
   73    0.99428148911800008E-02   -0.69042104838200002E+00    0.69042104838200002E+00   -0.23880786692900000E+00
   74    0.99428148911800008E-02   -0.69042104838200002E+00    0.69042104838200002E+00    0.23880786692900000E+00
   75    0.99428148911800008E-02    0.69042104838200002E+00   -0.69042104838200002E+00   -0.23880786692900000E+00
   76    0.99428148911800008E-02    0.69042104838200002E+00   -0.69042104838200002E+00    0.23880786692900000E+00
   77    0.99428148911800008E-02    0.69042104838200002E+00    0.69042104838200002E+00   -0.23880786692900000E+00
   78    0.99428148911800008E-02    0.69042104838200002E+00    0.69042104838200002E+00    0.23880786692900000E+00
   79    0.99428148911800008E-02   -0.23880786692900000E+00   -0.69042104838200002E+00   -0.69042104838200002E+00
   80    0.99428148911800008E-02   -0.23880786692900000E+00   -0.69042104838200002E+00    0.69042104838200002E+00
   81    0.99428148911800008E-02   -0.23880786692900000E+00    0.69042104838200002E+00   -0.69042104838200002E+00
   82    0.99428148911800008E-02   -0.23880786692900000E+00    0.69042104838200002E+00    0.69042104838200002E+00
   83    0.99428148911800008E-02    0.23880786692900000E+00   -0.69042104838200002E+00   -0.69042104838200002E+00
   84    0.99428148911800008E-02    0.23880786692900000E+00   -0.69042104838200002E+00    0.69042104838200002E+00
   85    0.99428148911800008E-02    0.23880786692900000E+00    0.69042104838200002E+00   -0.69042104838200002E+00
   86    0.99428148911800008E-02    0.23880786692900000E+00    0.69042104838200002E+00    0.69042104838200002E+00
   87    0.96949963616630302E-02   -0.87815891060399998E+00   -0.47836902881200000E+00    0.00000000000000000E+00
   88    0.96949963616630302E-02   -0.87815891060399998E+00    0.47836902881200000E+00    0.00000000000000000E+00
   89    0.96949963616630302E-02    0.87815891060399998E+00   -0.47836902881200000E+00    0.00000000000000000E+00
   90    0.96949963616630302E-02    0.87815891060399998E+00    0.47836902881200000E+00    0.00000000000000000E+00
   91    0.96949963616630302E-02   -0.47836902881200000E+00   -0.87815891060399998E+00    0.00000000000000000E+00
   92    0.96949963616630302E-02   -0.47836902881200000E+00    0.87815891060399998E+00    0.00000000000000000E+00
   93    0.96949963616630302E-02    0.47836902881200000E+00   -0.87815891060399998E+00    0.00000000000000000E+00
   94    0.96949963616630302E-02    0.47836902881200000E+00    0.87815891060399998E+00    0.00000000000000000E+00
   95    0.96949963616630302E-02   -0.87815891060399998E+00    0.00000000000000000E+00   -0.47836902881200000E+00
   96    0.96949963616630302E-02   -0.87815891060399998E+00    0.00000000000000000E+00    0.47836902881200000E+00
   97    0.96949963616630302E-02    0.87815891060399998E+00    0.00000000000000000E+00   -0.47836902881200000E+00
   98    0.96949963616630302E-02    0.87815891060399998E+00    0.00000000000000000E+00    0.47836902881200000E+00
   99    0.96949963616630302E-02   -0.47836902881200000E+00    0.00000000000000000E+00   -0.87815891060399998E+00
  100    0.96949963616630302E-02   -0.47836902881200000E+00    0.00000000000000000E+00    0.87815891060399998E+00
  101    0.96949963616630302E-02    0.47836902881200000E+00    0.00000000000000000E+00   -0.87815891060399998E+00
  102    0.96949963616630302E-02    0.47836902881200000E+00    0.00000000000000000E+00    0.87815891060399998E+00
  103    0.96949963616630302E-02    0.00000000000000000E+00   -0.87815891060399998E+00   -0.47836902881200000E+00
  104    0.96949963616630302E-02    0.00000000000000000E+00   -0.87815891060399998E+00    0.47836902881200000E+00
  105    0.96949963616630302E-02    0.00000000000000000E+00    0.87815891060399998E+00   -0.47836902881200000E+00
  106    0.96949963616630302E-02    0.00000000000000000E+00    0.87815891060399998E+00    0.47836902881200000E+00
  107    0.96949963616630302E-02    0.00000000000000000E+00   -0.47836902881200000E+00   -0.87815891060399998E+00
  108    0.96949963616630302E-02    0.00000000000000000E+00   -0.47836902881200000E+00    0.87815891060399998E+00
  109    0.96949963616630302E-02    0.00000000000000000E+00    0.47836902881200000E+00   -0.87815891060399998E+00
  110    0.96949963616630302E-02    0.00000000000000000E+00    0.47836902881200000E+00    0.87815891060399998E+00
