    1    0.11544011533260345E-01    0.10000000000000000E+01    0.00000000000000000E+00    0.00000000000000000E+00
    2    0.11544011533260345E-01   -0.10000000000000000E+01    0.00000000000000000E+00    0.00000000000000000E+00
    3    0.11544011533260345E-01    0.00000000000000000E+00    0.10000000000000000E+01    0.00000000000000000E+00
    4    0.11544011533260345E-01    0.00000000000000000E+00   -0.10000000000000000E+01    0.00000000000000000E+00
    5    0.11544011533260345E-01    0.00000000000000000E+00    0.00000000000000000E+00    0.10000000000000000E+01
    6    0.11544011533260345E-01    0.00000000000000000E+00    0.00000000000000000E+00   -0.10000000000000000E+01
    7    0.11943909339606762E-01   -0.57735026918962584E+00   -0.57735026918962584E+00   -0.57735026918962584E+00
    8    0.11943909339606762E-01   -0.57735026918962584E+00   -0.57735026918962584E+00    0.57735026918962584E+00
    9    0.11943909339606762E-01   -0.57735026918962584E+00    0.57735026918962584E+00   -0.57735026918962584E+00
   10    0.11943909339606762E-01   -0.57735026918962584E+00    0.57735026918962584E+00    0.57735026918962584E+00
   11    0.11943909339606762E-01    0.57735026918962584E+00   -0.57735026918962584E+00   -0.57735026918962584E+00
   12    0.11943909339606762E-01    0.57735026918962584E+00   -0.57735026918962584E+00    0.57735026918962584E+00
   13    0.11943909339606762E-01    0.57735026918962584E+00    0.57735026918962584E+00   -0.57735026918962584E+00
   14    0.11943909339606762E-01    0.57735026918962584E+00    0.57735026918962584E+00    0.57735026918962584E+00
   15    0.11110555710600000E-01   -0.36960284645399999E+00   -0.85251831170100001E+00   -0.36960284645399999E+00
   16    0.11110555710600000E-01   -0.36960284645399999E+00   -0.85251831170100001E+00    0.36960284645399999E+00
   17    0.11110555710600000E-01   -0.36960284645399999E+00    0.85251831170100001E+00   -0.36960284645399999E+00
   18    0.11110555710600000E-01   -0.36960284645399999E+00    0.85251831170100001E+00    0.36960284645399999E+00
   19    0.11110555710600000E-01    0.36960284645399999E+00   -0.85251831170100001E+00   -0.36960284645399999E+00
   20    0.11110555710600000E-01    0.36960284645399999E+00   -0.85251831170100001E+00    0.36960284645399999E+00
   21    0.11110555710600000E-01    0.36960284645399999E+00    0.85251831170100001E+00   -0.36960284645399999E+00
   22    0.11110555710600000E-01    0.36960284645399999E+00    0.85251831170100001E+00    0.36960284645399999E+00
   23    0.11110555710600000E-01   -0.36960284645399999E+00   -0.36960284645399999E+00   -0.85251831170100001E+00
   24    0.11110555710600000E-01   -0.36960284645399999E+00   -0.36960284645399999E+00    0.85251831170100001E+00
   25    0.11110555710600000E-01   -0.36960284645399999E+00    0.36960284645399999E+00   -0.85251831170100001E+00
   26    0.11110555710600000E-01   -0.36960284645399999E+00    0.36960284645399999E+00    0.85251831170100001E+00
   27    0.11110555710600000E-01    0.36960284645399999E+00   -0.36960284645399999E+00   -0.85251831170100001E+00
   28    0.11110555710600000E-01    0.36960284645399999E+00   -0.36960284645399999E+00    0.85251831170100001E+00
   29    0.11110555710600000E-01    0.36960284645399999E+00    0.36960284645399999E+00   -0.85251831170100001E+00
   30    0.11110555710600000E-01    0.36960284645399999E+00    0.36960284645399999E+00    0.85251831170100001E+00
   31    0.11110555710600000E-01   -0.85251831170100001E+00   -0.36960284645399999E+00   -0.36960284645399999E+00
   32    0.11110555710600000E-01   -0.85251831170100001E+00   -0.36960284645399999E+00    0.36960284645399999E+00
   33    0.11110555710600000E-01   -0.85251831170100001E+00    0.36960284645399999E+00   -0.36960284645399999E+00
   34    0.11110555710600000E-01   -0.85251831170100001E+00    0.36960284645399999E+00    0.36960284645399999E+00
   35    0.11110555710600000E-01    0.85251831170100001E+00   -0.36960284645399999E+00   -0.36960284645399999E+00
   36    0.11110555710600000E-01    0.85251831170100001E+00   -0.36960284645399999E+00    0.36960284645399999E+00
   37    0.11110555710600000E-01    0.85251831170100001E+00    0.36960284645399999E+00   -0.36960284645399999E+00
   38    0.11110555710600000E-01    0.85251831170100001E+00    0.36960284645399999E+00    0.36960284645399999E+00
   39    0.11876501294500000E-01   -0.69435400660299995E+00   -0.18906355288500001E+00   -0.69435400660299995E+00
   40    0.11876501294500000E-01   -0.69435400660299995E+00   -0.18906355288500001E+00    0.69435400660299995E+00
   41    0.11876501294500000E-01   -0.69435400660299995E+00    0.18906355288500001E+00   -0.69435400660299995E+00
   42    0.11876501294500000E-01   -0.69435400660299995E+00    0.18906355288500001E+00    0.69435400660299995E+00
   43    0.11876501294500000E-01    0.69435400660299995E+00   -0.18906355288500001E+00   -0.69435400660299995E+00
   44    0.11876501294500000E-01    0.69435400660299995E+00   -0.18906355288500001E+00    0.69435400660299995E+00
   45    0.11876501294500000E-01    0.69435400660299995E+00    0.18906355288500001E+00   -0.69435400660299995E+00
   46    0.11876501294500000E-01    0.69435400660299995E+00    0.18906355288500001E+00    0.69435400660299995E+00
   47    0.11876501294500000E-01   -0.69435400660299995E+00   -0.69435400660299995E+00   -0.18906355288500001E+00
   48    0.11876501294500000E-01   -0.69435400660299995E+00   -0.69435400660299995E+00    0.18906355288500001E+00
   49    0.11876501294500000E-01   -0.69435400660299995E+00    0.69435400660299995E+00   -0.18906355288500001E+00
   50    0.11876501294500000E-01   -0.69435400660299995E+00    0.69435400660299995E+00    0.18906355288500001E+00
   51    0.11876501294500000E-01    0.69435400660299995E+00   -0.69435400660299995E+00   -0.18906355288500001E+00
   52    0.11876501294500000E-01    0.69435400660299995E+00   -0.69435400660299995E+00    0.18906355288500001E+00
   53    0.11876501294500000E-01    0.69435400660299995E+00    0.69435400660299995E+00   -0.18906355288500001E+00
   54    0.11876501294500000E-01    0.69435400660299995E+00    0.69435400660299995E+00    0.18906355288500001E+00
   55    0.11876501294500000E-01   -0.18906355288500001E+00   -0.69435400660299995E+00   -0.69435400660299995E+00
   56    0.11876501294500000E-01   -0.18906355288500001E+00   -0.69435400660299995E+00    0.69435400660299995E+00
   57    0.11876501294500000E-01   -0.18906355288500001E+00    0.69435400660299995E+00   -0.69435400660299995E+00
   58    0.11876501294500000E-01   -0.18906355288500001E+00    0.69435400660299995E+00    0.69435400660299995E+00
   59    0.11876501294500000E-01    0.18906355288500001E+00   -0.69435400660299995E+00   -0.69435400660299995E+00
   60    0.11876501294500000E-01    0.18906355288500001E+00   -0.69435400660299995E+00    0.69435400660299995E+00
   61    0.11876501294500000E-01    0.18906355288500001E+00    0.69435400660299995E+00   -0.69435400660299995E+00
   62    0.11876501294500000E-01    0.18906355288500001E+00    0.69435400660299995E+00    0.69435400660299995E+00
   63    0.11812303746900000E-01   -0.92733065715100005E+00   -0.37424303909000001E+00    0.00000000000000000E+00
   64    0.11812303746900000E-01   -0.92733065715100005E+00    0.37424303909000001E+00    0.00000000000000000E+00
   65    0.11812303746900000E-01    0.92733065715100005E+00   -0.37424303909000001E+00    0.00000000000000000E+00
   66    0.11812303746900000E-01    0.92733065715100005E+00    0.37424303909000001E+00    0.00000000000000000E+00
   67    0.11812303746900000E-01   -0.37424303909000001E+00   -0.92733065715100005E+00    0.00000000000000000E+00
   68    0.11812303746900000E-01   -0.37424303909000001E+00    0.92733065715100005E+00    0.00000000000000000E+00
   69    0.11812303746900000E-01    0.37424303909000001E+00   -0.92733065715100005E+00    0.00000000000000000E+00
   70    0.11812303746900000E-01    0.37424303909000001E+00    0.92733065715100005E+00    0.00000000000000000E+00
   71    0.11812303746900000E-01   -0.92733065715100005E+00    0.00000000000000000E+00   -0.37424303909000001E+00
   72    0.11812303746900000E-01   -0.92733065715100005E+00    0.00000000000000000E+00    0.37424303909000001E+00
   73    0.11812303746900000E-01    0.92733065715100005E+00    0.00000000000000000E+00   -0.37424303909000001E+00
   74    0.11812303746900000E-01    0.92733065715100005E+00    0.00000000000000000E+00    0.37424303909000001E+00
   75    0.11812303746900000E-01   -0.37424303909000001E+00    0.00000000000000000E+00   -0.92733065715100005E+00
   76    0.11812303746900000E-01   -0.37424303909000001E+00    0.00000000000000000E+00    0.92733065715100005E+00
   77    0.11812303746900000E-01    0.37424303909000001E+00    0.00000000000000000E+00   -0.92733065715100005E+00
   78    0.11812303746900000E-01    0.37424303909000001E+00    0.00000000000000000E+00    0.92733065715100005E+00
   79    0.11812303746900000E-01    0.00000000000000000E+00   -0.92733065715100005E+00   -0.37424303909000001E+00
   80    0.11812303746900000E-01    0.00000000000000000E+00   -0.92733065715100005E+00    0.37424303909000001E+00
   81    0.11812303746900000E-01    0.00000000000000000E+00    0.92733065715100005E+00   -0.37424303909000001E+00
   82    0.11812303746900000E-01    0.00000000000000000E+00    0.92733065715100005E+00    0.37424303909000001E+00
   83    0.11812303746900000E-01    0.00000000000000000E+00   -0.37424303909000001E+00   -0.92733065715100005E+00
   84    0.11812303746900000E-01    0.00000000000000000E+00   -0.37424303909000001E+00    0.92733065715100005E+00
   85    0.11812303746900000E-01    0.00000000000000000E+00    0.37424303909000001E+00   -0.92733065715100005E+00
   86    0.11812303746900000E-01    0.00000000000000000E+00    0.37424303909000001E+00    0.92733065715100005E+00
