    1    0.12698412698412698E-01    0.10000000000000000E+01    0.00000000000000000E+00    0.00000000000000000E+00
    2    0.12698412698412698E-01   -0.10000000000000000E+01    0.00000000000000000E+00    0.00000000000000000E+00
    3    0.12698412698412698E-01    0.00000000000000000E+00    0.10000000000000000E+01    0.00000000000000000E+00
    4    0.12698412698412698E-01    0.00000000000000000E+00   -0.10000000000000000E+01    0.00000000000000000E+00
    5    0.12698412698412698E-01    0.00000000000000000E+00    0.00000000000000000E+00    0.10000000000000000E+01
    6    0.12698412698412698E-01    0.00000000000000000E+00    0.00000000000000000E+00   -0.10000000000000000E+01
    7    0.22574955908289243E-01   -0.70710678118654746E+00   -0.70710678118654746E+00    0.00000000000000000E+00
    8    0.22574955908289243E-01   -0.70710678118654746E+00    0.70710678118654746E+00    0.00000000000000000E+00
    9    0.22574955908289243E-01    0.70710678118654746E+00   -0.70710678118654746E+00    0.00000000000000000E+00
   10    0.22574955908289243E-01    0.70710678118654746E+00    0.70710678118654746E+00    0.00000000000000000E+00
   11    0.22574955908289243E-01   -0.70710678118654746E+00    0.00000000000000000E+00   -0.70710678118654746E+00
   12    0.22574955908289243E-01   -0.70710678118654746E+00    0.00000000000000000E+00    0.70710678118654746E+00
   13    0.22574955908289243E-01    0.70710678118654746E+00    0.00000000000000000E+00   -0.70710678118654746E+00
   14    0.22574955908289243E-01    0.70710678118654746E+00    0.00000000000000000E+00    0.70710678118654746E+00
   15    0.22574955908289243E-01    0.00000000000000000E+00   -0.70710678118654746E+00   -0.70710678118654746E+00
   16    0.22574955908289243E-01    0.00000000000000000E+00   -0.70710678118654746E+00    0.70710678118654746E+00
   17    0.22574955908289243E-01    0.00000000000000000E+00    0.70710678118654746E+00   -0.70710678118654746E+00
   18    0.22574955908289243E-01    0.00000000000000000E+00    0.70710678118654746E+00    0.70710678118654746E+00
   19    0.21093750000000001E-01   -0.57735026918962584E+00   -0.57735026918962584E+00   -0.57735026918962584E+00
   20    0.21093750000000001E-01   -0.57735026918962584E+00   -0.57735026918962584E+00    0.57735026918962584E+00
   21    0.21093750000000001E-01   -0.57735026918962584E+00    0.57735026918962584E+00   -0.57735026918962584E+00
   22    0.21093750000000001E-01   -0.57735026918962584E+00    0.57735026918962584E+00    0.57735026918962584E+00
   23    0.21093750000000001E-01    0.57735026918962584E+00   -0.57735026918962584E+00   -0.57735026918962584E+00
   24    0.21093750000000001E-01    0.57735026918962584E+00   -0.57735026918962584E+00    0.57735026918962584E+00
   25    0.21093750000000001E-01    0.57735026918962584E+00    0.57735026918962584E+00   -0.57735026918962584E+00
   26    0.21093750000000001E-01    0.57735026918962584E+00    0.57735026918962584E+00    0.57735026918962584E+00
   27    0.20173335537899999E-01   -0.30151134457800000E+00   -0.90453403373300001E+00   -0.30151134457800000E+00
   28    0.20173335537899999E-01   -0.30151134457800000E+00   -0.90453403373300001E+00    0.30151134457800000E+00
   29    0.20173335537899999E-01   -0.30151134457800000E+00    0.90453403373300001E+00   -0.30151134457800000E+00
   30    0.20173335537899999E-01   -0.30151134457800000E+00    0.90453403373300001E+00    0.30151134457800000E+00
   31    0.20173335537899999E-01    0.30151134457800000E+00   -0.90453403373300001E+00   -0.30151134457800000E+00
   32    0.20173335537899999E-01    0.30151134457800000E+00   -0.90453403373300001E+00    0.30151134457800000E+00
   33    0.20173335537899999E-01    0.30151134457800000E+00    0.90453403373300001E+00   -0.30151134457800000E+00
   34    0.20173335537899999E-01    0.30151134457800000E+00    0.90453403373300001E+00    0.30151134457800000E+00
   35    0.20173335537899999E-01   -0.30151134457800000E+00   -0.30151134457800000E+00   -0.90453403373300001E+00
   36    0.20173335537899999E-01   -0.30151134457800000E+00   -0.30151134457800000E+00    0.90453403373300001E+00
   37    0.20173335537899999E-01   -0.30151134457800000E+00    0.30151134457800000E+00   -0.90453403373300001E+00
   38    0.20173335537899999E-01   -0.30151134457800000E+00    0.30151134457800000E+00    0.90453403373300001E+00
   39    0.20173335537899999E-01    0.30151134457800000E+00   -0.30151134457800000E+00   -0.90453403373300001E+00
   40    0.20173335537899999E-01    0.30151134457800000E+00   -0.30151134457800000E+00    0.90453403373300001E+00
   41    0.20173335537899999E-01    0.30151134457800000E+00    0.30151134457800000E+00   -0.90453403373300001E+00
   42    0.20173335537899999E-01    0.30151134457800000E+00    0.30151134457800000E+00    0.90453403373300001E+00
   43    0.20173335537899999E-01   -0.90453403373300001E+00   -0.30151134457800000E+00   -0.30151134457800000E+00
   44    0.20173335537899999E-01   -0.90453403373300001E+00   -0.30151134457800000E+00    0.30151134457800000E+00
   45    0.20173335537899999E-01   -0.90453403373300001E+00    0.30151134457800000E+00   -0.30151134457800000E+00
   46    0.20173335537899999E-01   -0.90453403373300001E+00    0.30151134457800000E+00    0.30151134457800000E+00
   47    0.20173335537899999E-01    0.90453403373300001E+00   -0.30151134457800000E+00   -0.30151134457800000E+00
   48    0.20173335537899999E-01    0.90453403373300001E+00   -0.30151134457800000E+00    0.30151134457800000E+00
   49    0.20173335537899999E-01    0.90453403373300001E+00    0.30151134457800000E+00   -0.30151134457800000E+00
   50    0.20173335537899999E-01    0.90453403373300001E+00    0.30151134457800000E+00    0.30151134457800000E+00
