      1    0.30067967494539359E-02    0.10000000000000000E+01    0.00000000000000000E+00    0.00000000000000000E+00
      2    0.30067967494539359E-02   -0.10000000000000000E+01    0.00000000000000000E+00    0.00000000000000000E+00
      3    0.30067967494539359E-02    0.00000000000000000E+00    0.10000000000000000E+01    0.00000000000000000E+00
      4    0.30067967494539359E-02    0.00000000000000000E+00   -0.10000000000000000E+01    0.00000000000000000E+00
      5    0.30067967494539359E-02    0.00000000000000000E+00    0.00000000000000000E+00    0.10000000000000000E+01
      6    0.30067967494539359E-02    0.00000000000000000E+00    0.00000000000000000E+00   -0.10000000000000000E+01
      7    0.30506277456507709E-02    0.57735026918962573E+00    0.57735026918962573E+00    0.57735026918962573E+00
      8    0.30506277456507709E-02   -0.57735026918962573E+00    0.57735026918962573E+00    0.57735026918962573E+00
      9    0.30506277456507709E-02    0.57735026918962573E+00   -0.57735026918962573E+00    0.57735026918962573E+00
     10    0.30506277456507709E-02   -0.57735026918962573E+00   -0.57735026918962573E+00    0.57735026918962573E+00
     11    0.30506277456507709E-02    0.57735026918962573E+00    0.57735026918962573E+00   -0.57735026918962573E+00
     12    0.30506277456507709E-02   -0.57735026918962573E+00    0.57735026918962573E+00   -0.57735026918962573E+00
     13    0.30506277456507709E-02    0.57735026918962573E+00   -0.57735026918962573E+00   -0.57735026918962573E+00
     14    0.30506277456507709E-02   -0.57735026918962573E+00   -0.57735026918962573E+00   -0.57735026918962573E+00
     15    0.16211046002889910E-02    0.70689654639123156E+00    0.70689654639123156E+00    0.24383301669355525E-01
     16    0.16211046002889910E-02   -0.70689654639123156E+00    0.70689654639123156E+00    0.24383301669355525E-01
     17    0.16211046002889910E-02    0.70689654639123156E+00   -0.70689654639123156E+00    0.24383301669355525E-01
     18    0.16211046002889910E-02   -0.70689654639123156E+00   -0.70689654639123156E+00    0.24383301669355525E-01
     19    0.16211046002889910E-02    0.70689654639123156E+00    0.70689654639123156E+00   -0.24383301669355525E-01
     20    0.16211046002889910E-02   -0.70689654639123156E+00    0.70689654639123156E+00   -0.24383301669355525E-01
     21    0.16211046002889910E-02    0.70689654639123156E+00   -0.70689654639123156E+00   -0.24383301669355525E-01
     22    0.16211046002889910E-02   -0.70689654639123156E+00   -0.70689654639123156E+00   -0.24383301669355525E-01
     23    0.16211046002889910E-02    0.70689654639123156E+00    0.24383301669355525E-01    0.70689654639123156E+00
     24    0.16211046002889910E-02   -0.70689654639123156E+00    0.24383301669355525E-01    0.70689654639123156E+00
     25    0.16211046002889910E-02    0.70689654639123156E+00   -0.24383301669355525E-01    0.70689654639123156E+00
     26    0.16211046002889910E-02   -0.70689654639123156E+00   -0.24383301669355525E-01    0.70689654639123156E+00
     27    0.16211046002889910E-02    0.70689654639123156E+00    0.24383301669355525E-01   -0.70689654639123156E+00
     28    0.16211046002889910E-02   -0.70689654639123156E+00    0.24383301669355525E-01   -0.70689654639123156E+00
     29    0.16211046002889910E-02    0.70689654639123156E+00   -0.24383301669355525E-01   -0.70689654639123156E+00
     30    0.16211046002889910E-02   -0.70689654639123156E+00   -0.24383301669355525E-01   -0.70689654639123156E+00
     31    0.16211046002889910E-02    0.24383301669355525E-01    0.70689654639123156E+00    0.70689654639123156E+00
     32    0.16211046002889910E-02   -0.24383301669355525E-01    0.70689654639123156E+00    0.70689654639123156E+00
     33    0.16211046002889910E-02    0.24383301669355525E-01   -0.70689654639123156E+00    0.70689654639123156E+00
     34    0.16211046002889910E-02   -0.24383301669355525E-01   -0.70689654639123156E+00    0.70689654639123156E+00
     35    0.16211046002889910E-02    0.24383301669355525E-01    0.70689654639123156E+00   -0.70689654639123156E+00
     36    0.16211046002889910E-02   -0.24383301669355525E-01    0.70689654639123156E+00   -0.70689654639123156E+00
     37    0.16211046002889910E-02    0.24383301669355525E-01   -0.70689654639123156E+00   -0.70689654639123156E+00
     38    0.16211046002889910E-02   -0.24383301669355525E-01   -0.70689654639123156E+00   -0.70689654639123156E+00
     39    0.30057014849017519E-02    0.47946826257120251E+00    0.47946826257120251E+00    0.73499685058774555E+00
     40    0.30057014849017519E-02   -0.47946826257120251E+00    0.47946826257120251E+00    0.73499685058774555E+00
     41    0.30057014849017519E-02    0.47946826257120251E+00   -0.47946826257120251E+00    0.73499685058774555E+00
     42    0.30057014849017519E-02   -0.47946826257120251E+00   -0.47946826257120251E+00    0.73499685058774555E+00
     43    0.30057014849017519E-02    0.47946826257120251E+00    0.47946826257120251E+00   -0.73499685058774555E+00
     44    0.30057014849017519E-02   -0.47946826257120251E+00    0.47946826257120251E+00   -0.73499685058774555E+00
     45    0.30057014849017519E-02    0.47946826257120251E+00   -0.47946826257120251E+00   -0.73499685058774555E+00
     46    0.30057014849017519E-02   -0.47946826257120251E+00   -0.47946826257120251E+00   -0.73499685058774555E+00
     47    0.30057014849017519E-02    0.47946826257120251E+00    0.73499685058774555E+00    0.47946826257120251E+00
     48    0.30057014849017519E-02   -0.47946826257120251E+00    0.73499685058774555E+00    0.47946826257120251E+00
     49    0.30057014849017519E-02    0.47946826257120251E+00   -0.73499685058774555E+00    0.47946826257120251E+00
     50    0.30057014849017519E-02   -0.47946826257120251E+00   -0.73499685058774555E+00    0.47946826257120251E+00
     51    0.30057014849017519E-02    0.47946826257120251E+00    0.73499685058774555E+00   -0.47946826257120251E+00
     52    0.30057014849017519E-02   -0.47946826257120251E+00    0.73499685058774555E+00   -0.47946826257120251E+00
     53    0.30057014849017519E-02    0.47946826257120251E+00   -0.73499685058774555E+00   -0.47946826257120251E+00
     54    0.30057014849017519E-02   -0.47946826257120251E+00   -0.73499685058774555E+00   -0.47946826257120251E+00
     55    0.30057014849017519E-02    0.73499685058774555E+00    0.47946826257120251E+00    0.47946826257120251E+00
     56    0.30057014849017519E-02   -0.73499685058774555E+00    0.47946826257120251E+00    0.47946826257120251E+00
     57    0.30057014849017519E-02    0.73499685058774555E+00   -0.47946826257120251E+00    0.47946826257120251E+00
     58    0.30057014849017519E-02   -0.73499685058774555E+00   -0.47946826257120251E+00    0.47946826257120251E+00
     59    0.30057014849017519E-02    0.73499685058774555E+00    0.47946826257120251E+00   -0.47946826257120251E+00
     60    0.30057014849017519E-02   -0.73499685058774555E+00    0.47946826257120251E+00   -0.47946826257120251E+00
     61    0.30057014849017519E-02    0.73499685058774555E+00   -0.47946826257120251E+00   -0.47946826257120251E+00
     62    0.30057014849017519E-02   -0.73499685058774555E+00   -0.47946826257120251E+00   -0.47946826257120251E+00
     63    0.29909925296537740E-02    0.19275331548780189E+00    0.19275331548780189E+00    0.96212905513601443E+00
     64    0.29909925296537740E-02   -0.19275331548780189E+00    0.19275331548780189E+00    0.96212905513601443E+00
     65    0.29909925296537740E-02    0.19275331548780189E+00   -0.19275331548780189E+00    0.96212905513601443E+00
     66    0.29909925296537740E-02   -0.19275331548780189E+00   -0.19275331548780189E+00    0.96212905513601443E+00
     67    0.29909925296537740E-02    0.19275331548780189E+00    0.19275331548780189E+00   -0.96212905513601443E+00
     68    0.29909925296537740E-02   -0.19275331548780189E+00    0.19275331548780189E+00   -0.96212905513601443E+00
     69    0.29909925296537740E-02    0.19275331548780189E+00   -0.19275331548780189E+00   -0.96212905513601443E+00
     70    0.29909925296537740E-02   -0.19275331548780189E+00   -0.19275331548780189E+00   -0.96212905513601443E+00
     71    0.29909925296537740E-02    0.19275331548780189E+00    0.96212905513601443E+00    0.19275331548780189E+00
     72    0.29909925296537740E-02   -0.19275331548780189E+00    0.96212905513601443E+00    0.19275331548780189E+00
     73    0.29909925296537740E-02    0.19275331548780189E+00   -0.96212905513601443E+00    0.19275331548780189E+00
     74    0.29909925296537740E-02   -0.19275331548780189E+00   -0.96212905513601443E+00    0.19275331548780189E+00
     75    0.29909925296537740E-02    0.19275331548780189E+00    0.96212905513601443E+00   -0.19275331548780189E+00
     76    0.29909925296537740E-02   -0.19275331548780189E+00    0.96212905513601443E+00   -0.19275331548780189E+00
     77    0.29909925296537740E-02    0.19275331548780189E+00   -0.96212905513601443E+00   -0.19275331548780189E+00
     78    0.29909925296537740E-02   -0.19275331548780189E+00   -0.96212905513601443E+00   -0.19275331548780189E+00
     79    0.29909925296537740E-02    0.96212905513601443E+00    0.19275331548780189E+00    0.19275331548780189E+00
     80    0.29909925296537740E-02   -0.96212905513601443E+00    0.19275331548780189E+00    0.19275331548780189E+00
     81    0.29909925296537740E-02    0.96212905513601443E+00   -0.19275331548780189E+00    0.19275331548780189E+00
     82    0.29909925296537740E-02   -0.96212905513601443E+00   -0.19275331548780189E+00    0.19275331548780189E+00
     83    0.29909925296537740E-02    0.96212905513601443E+00    0.19275331548780189E+00   -0.19275331548780189E+00
     84    0.29909925296537740E-02   -0.96212905513601443E+00    0.19275331548780189E+00   -0.19275331548780189E+00
     85    0.29909925296537740E-02    0.96212905513601443E+00   -0.19275331548780189E+00   -0.19275331548780189E+00
     86    0.29909925296537740E-02   -0.96212905513601443E+00   -0.19275331548780189E+00   -0.19275331548780189E+00
     87    0.29821706441075951E-02    0.69303579613271227E+00    0.69303579613271227E+00    0.19850131122336542E+00
     88    0.29821706441075951E-02   -0.69303579613271227E+00    0.69303579613271227E+00    0.19850131122336542E+00
     89    0.29821706441075951E-02    0.69303579613271227E+00   -0.69303579613271227E+00    0.19850131122336542E+00
     90    0.29821706441075951E-02   -0.69303579613271227E+00   -0.69303579613271227E+00    0.19850131122336542E+00
     91    0.29821706441075951E-02    0.69303579613271227E+00    0.69303579613271227E+00   -0.19850131122336542E+00
     92    0.29821706441075951E-02   -0.69303579613271227E+00    0.69303579613271227E+00   -0.19850131122336542E+00
     93    0.29821706441075951E-02    0.69303579613271227E+00   -0.69303579613271227E+00   -0.19850131122336542E+00
     94    0.29821706441075951E-02   -0.69303579613271227E+00   -0.69303579613271227E+00   -0.19850131122336542E+00
     95    0.29821706441075951E-02    0.69303579613271227E+00    0.19850131122336542E+00    0.69303579613271227E+00
     96    0.29821706441075951E-02   -0.69303579613271227E+00    0.19850131122336542E+00    0.69303579613271227E+00
     97    0.29821706441075951E-02    0.69303579613271227E+00   -0.19850131122336542E+00    0.69303579613271227E+00
     98    0.29821706441075951E-02   -0.69303579613271227E+00   -0.19850131122336542E+00    0.69303579613271227E+00
     99    0.29821706441075951E-02    0.69303579613271227E+00    0.19850131122336542E+00   -0.69303579613271227E+00
    100    0.29821706441075951E-02   -0.69303579613271227E+00    0.19850131122336542E+00   -0.69303579613271227E+00
    101    0.29821706441075951E-02    0.69303579613271227E+00   -0.19850131122336542E+00   -0.69303579613271227E+00
    102    0.29821706441075951E-02   -0.69303579613271227E+00   -0.19850131122336542E+00   -0.69303579613271227E+00
    103    0.29821706441075951E-02    0.19850131122336542E+00    0.69303579613271227E+00    0.69303579613271227E+00
    104    0.29821706441075951E-02   -0.19850131122336542E+00    0.69303579613271227E+00    0.69303579613271227E+00
    105    0.29821706441075951E-02    0.19850131122336542E+00   -0.69303579613271227E+00    0.69303579613271227E+00
    106    0.29821706441075951E-02   -0.19850131122336542E+00   -0.69303579613271227E+00    0.69303579613271227E+00
    107    0.29821706441075951E-02    0.19850131122336542E+00    0.69303579613271227E+00   -0.69303579613271227E+00
    108    0.29821706441075951E-02   -0.19850131122336542E+00    0.69303579613271227E+00   -0.69303579613271227E+00
    109    0.29821706441075951E-02    0.19850131122336542E+00   -0.69303579613271227E+00   -0.69303579613271227E+00
    110    0.29821706441075951E-02   -0.19850131122336542E+00   -0.69303579613271227E+00   -0.69303579613271227E+00
    111    0.27215642373109921E-02    0.36083021155200912E+00    0.36083021155200912E+00    0.86000181212754701E+00
    112    0.27215642373109921E-02   -0.36083021155200912E+00    0.36083021155200912E+00    0.86000181212754701E+00
    113    0.27215642373109921E-02    0.36083021155200912E+00   -0.36083021155200912E+00    0.86000181212754701E+00
    114    0.27215642373109921E-02   -0.36083021155200912E+00   -0.36083021155200912E+00    0.86000181212754701E+00
    115    0.27215642373109921E-02    0.36083021155200912E+00    0.36083021155200912E+00   -0.86000181212754701E+00
    116    0.27215642373109921E-02   -0.36083021155200912E+00    0.36083021155200912E+00   -0.86000181212754701E+00
    117    0.27215642373109921E-02    0.36083021155200912E+00   -0.36083021155200912E+00   -0.86000181212754701E+00
    118    0.27215642373109921E-02   -0.36083021155200912E+00   -0.36083021155200912E+00   -0.86000181212754701E+00
    119    0.27215642373109921E-02    0.36083021155200912E+00    0.86000181212754701E+00    0.36083021155200912E+00
    120    0.27215642373109921E-02   -0.36083021155200912E+00    0.86000181212754701E+00    0.36083021155200912E+00
    121    0.27215642373109921E-02    0.36083021155200912E+00   -0.86000181212754701E+00    0.36083021155200912E+00
    122    0.27215642373109921E-02   -0.36083021155200912E+00   -0.86000181212754701E+00    0.36083021155200912E+00
    123    0.27215642373109921E-02    0.36083021155200912E+00    0.86000181212754701E+00   -0.36083021155200912E+00
    124    0.27215642373109921E-02   -0.36083021155200912E+00    0.86000181212754701E+00   -0.36083021155200912E+00
    125    0.27215642373109921E-02    0.36083021155200912E+00   -0.86000181212754701E+00   -0.36083021155200912E+00
    126    0.27215642373109921E-02   -0.36083021155200912E+00   -0.86000181212754701E+00   -0.36083021155200912E+00
    127    0.27215642373109921E-02    0.86000181212754701E+00    0.36083021155200912E+00    0.36083021155200912E+00
    128    0.27215642373109921E-02   -0.86000181212754701E+00    0.36083021155200912E+00    0.36083021155200912E+00
    129    0.27215642373109921E-02    0.86000181212754701E+00   -0.36083021155200912E+00    0.36083021155200912E+00
    130    0.27215642373109921E-02   -0.86000181212754701E+00   -0.36083021155200912E+00    0.36083021155200912E+00
    131    0.27215642373109921E-02    0.86000181212754701E+00    0.36083021155200912E+00   -0.36083021155200912E+00
    132    0.27215642373109921E-02   -0.86000181212754701E+00    0.36083021155200912E+00   -0.36083021155200912E+00
    133    0.27215642373109921E-02    0.86000181212754701E+00   -0.36083021155200912E+00   -0.36083021155200912E+00
    134    0.27215642373109921E-02   -0.86000181212754701E+00   -0.36083021155200912E+00   -0.36083021155200912E+00
    135    0.30335137958111412E-02    0.64984861614961686E+00    0.64984861614961686E+00    0.39419988860583888E+00
    136    0.30335137958111412E-02   -0.64984861614961686E+00    0.64984861614961686E+00    0.39419988860583888E+00
    137    0.30335137958111412E-02    0.64984861614961686E+00   -0.64984861614961686E+00    0.39419988860583888E+00
    138    0.30335137958111412E-02   -0.64984861614961686E+00   -0.64984861614961686E+00    0.39419988860583888E+00
    139    0.30335137958111412E-02    0.64984861614961686E+00    0.64984861614961686E+00   -0.39419988860583888E+00
    140    0.30335137958111412E-02   -0.64984861614961686E+00    0.64984861614961686E+00   -0.39419988860583888E+00
    141    0.30335137958111412E-02    0.64984861614961686E+00   -0.64984861614961686E+00   -0.39419988860583888E+00
    142    0.30335137958111412E-02   -0.64984861614961686E+00   -0.64984861614961686E+00   -0.39419988860583888E+00
    143    0.30335137958111412E-02    0.64984861614961686E+00    0.39419988860583888E+00    0.64984861614961686E+00
    144    0.30335137958111412E-02   -0.64984861614961686E+00    0.39419988860583888E+00    0.64984861614961686E+00
    145    0.30335137958111412E-02    0.64984861614961686E+00   -0.39419988860583888E+00    0.64984861614961686E+00
    146    0.30335137958111412E-02   -0.64984861614961686E+00   -0.39419988860583888E+00    0.64984861614961686E+00
    147    0.30335137958111412E-02    0.64984861614961686E+00    0.39419988860583888E+00   -0.64984861614961686E+00
    148    0.30335137958111412E-02   -0.64984861614961686E+00    0.39419988860583888E+00   -0.64984861614961686E+00
    149    0.30335137958111412E-02    0.64984861614961686E+00   -0.39419988860583888E+00   -0.64984861614961686E+00
    150    0.30335137958111412E-02   -0.64984861614961686E+00   -0.39419988860583888E+00   -0.64984861614961686E+00
    151    0.30335137958111412E-02    0.39419988860583888E+00    0.64984861614961686E+00    0.64984861614961686E+00
    152    0.30335137958111412E-02   -0.39419988860583888E+00    0.64984861614961686E+00    0.64984861614961686E+00
    153    0.30335137958111412E-02    0.39419988860583888E+00   -0.64984861614961686E+00    0.64984861614961686E+00
    154    0.30335137958111412E-02   -0.39419988860583888E+00   -0.64984861614961686E+00    0.64984861614961686E+00
    155    0.30335137958111412E-02    0.39419988860583888E+00    0.64984861614961686E+00   -0.64984861614961686E+00
    156    0.30335137958111412E-02   -0.39419988860583888E+00    0.64984861614961686E+00   -0.64984861614961686E+00
    157    0.30335137958111412E-02    0.39419988860583888E+00   -0.64984861614961686E+00   -0.64984861614961686E+00
    158    0.30335137958111412E-02   -0.39419988860583888E+00   -0.64984861614961686E+00   -0.64984861614961686E+00
    159    0.30079495552185328E-02    0.19329450132303391E+00    0.98114078284325723E+00    0.00000000000000000E+00
    160    0.30079495552185328E-02   -0.19329450132303391E+00    0.98114078284325723E+00    0.00000000000000000E+00
    161    0.30079495552185328E-02    0.19329450132303391E+00   -0.98114078284325723E+00    0.00000000000000000E+00
    162    0.30079495552185328E-02   -0.19329450132303391E+00   -0.98114078284325723E+00    0.00000000000000000E+00
    163    0.30079495552185328E-02    0.98114078284325723E+00    0.19329450132303391E+00    0.00000000000000000E+00
    164    0.30079495552185328E-02   -0.98114078284325723E+00    0.19329450132303391E+00    0.00000000000000000E+00
    165    0.30079495552185328E-02    0.98114078284325723E+00   -0.19329450132303391E+00    0.00000000000000000E+00
    166    0.30079495552185328E-02   -0.98114078284325723E+00   -0.19329450132303391E+00    0.00000000000000000E+00
    167    0.30079495552185328E-02    0.19329450132303391E+00    0.00000000000000000E+00    0.98114078284325723E+00
    168    0.30079495552185328E-02   -0.19329450132303391E+00    0.00000000000000000E+00    0.98114078284325723E+00
    169    0.30079495552185328E-02    0.19329450132303391E+00    0.00000000000000000E+00   -0.98114078284325723E+00
    170    0.30079495552185328E-02   -0.19329450132303391E+00    0.00000000000000000E+00   -0.98114078284325723E+00
    171    0.30079495552185328E-02    0.98114078284325723E+00    0.00000000000000000E+00    0.19329450132303391E+00
    172    0.30079495552185328E-02   -0.98114078284325723E+00    0.00000000000000000E+00    0.19329450132303391E+00
    173    0.30079495552185328E-02    0.98114078284325723E+00    0.00000000000000000E+00   -0.19329450132303391E+00
    174    0.30079495552185328E-02   -0.98114078284325723E+00    0.00000000000000000E+00   -0.19329450132303391E+00
    175    0.30079495552185328E-02    0.00000000000000000E+00    0.19329450132303391E+00    0.98114078284325723E+00
    176    0.30079495552185328E-02    0.00000000000000000E+00   -0.19329450132303391E+00    0.98114078284325723E+00
    177    0.30079495552185328E-02    0.00000000000000000E+00    0.19329450132303391E+00   -0.98114078284325723E+00
    178    0.30079495552185328E-02    0.00000000000000000E+00   -0.19329450132303391E+00   -0.98114078284325723E+00
    179    0.30079495552185328E-02    0.00000000000000000E+00    0.98114078284325723E+00    0.19329450132303391E+00
    180    0.30079495552185328E-02    0.00000000000000000E+00   -0.98114078284325723E+00    0.19329450132303391E+00
    181    0.30079495552185328E-02    0.00000000000000000E+00    0.98114078284325723E+00   -0.19329450132303391E+00
    182    0.30079495552185328E-02    0.00000000000000000E+00   -0.98114078284325723E+00   -0.19329450132303391E+00
    183    0.28819646030553070E-02    0.38004949198993032E+00    0.92496615269867899E+00    0.00000000000000000E+00
    184    0.28819646030553070E-02   -0.38004949198993032E+00    0.92496615269867899E+00    0.00000000000000000E+00
    185    0.28819646030553070E-02    0.38004949198993032E+00   -0.92496615269867899E+00    0.00000000000000000E+00
    186    0.28819646030553070E-02   -0.38004949198993032E+00   -0.92496615269867899E+00    0.00000000000000000E+00
    187    0.28819646030553070E-02    0.92496615269867899E+00    0.38004949198993032E+00    0.00000000000000000E+00
    188    0.28819646030553070E-02   -0.92496615269867899E+00    0.38004949198993032E+00    0.00000000000000000E+00
    189    0.28819646030553070E-02    0.92496615269867899E+00   -0.38004949198993032E+00    0.00000000000000000E+00
    190    0.28819646030553070E-02   -0.92496615269867899E+00   -0.38004949198993032E+00    0.00000000000000000E+00
    191    0.28819646030553070E-02    0.38004949198993032E+00    0.00000000000000000E+00    0.92496615269867899E+00
    192    0.28819646030553070E-02   -0.38004949198993032E+00    0.00000000000000000E+00    0.92496615269867899E+00
    193    0.28819646030553070E-02    0.38004949198993032E+00    0.00000000000000000E+00   -0.92496615269867899E+00
    194    0.28819646030553070E-02   -0.38004949198993032E+00    0.00000000000000000E+00   -0.92496615269867899E+00
    195    0.28819646030553070E-02    0.92496615269867899E+00    0.00000000000000000E+00    0.38004949198993032E+00
    196    0.28819646030553070E-02   -0.92496615269867899E+00    0.00000000000000000E+00    0.38004949198993032E+00
    197    0.28819646030553070E-02    0.92496615269867899E+00    0.00000000000000000E+00   -0.38004949198993032E+00
    198    0.28819646030553070E-02   -0.92496615269867899E+00    0.00000000000000000E+00   -0.38004949198993032E+00
    199    0.28819646030553070E-02    0.00000000000000000E+00    0.38004949198993032E+00    0.92496615269867899E+00
    200    0.28819646030553070E-02    0.00000000000000000E+00   -0.38004949198993032E+00    0.92496615269867899E+00
    201    0.28819646030553070E-02    0.00000000000000000E+00    0.38004949198993032E+00   -0.92496615269867899E+00
    202    0.28819646030553070E-02    0.00000000000000000E+00   -0.38004949198993032E+00   -0.92496615269867899E+00
    203    0.28819646030553070E-02    0.00000000000000000E+00    0.92496615269867899E+00    0.38004949198993032E+00
    204    0.28819646030553070E-02    0.00000000000000000E+00   -0.92496615269867899E+00    0.38004949198993032E+00
    205    0.28819646030553070E-02    0.00000000000000000E+00    0.92496615269867899E+00   -0.38004949198993032E+00
    206    0.28819646030553070E-02    0.00000000000000000E+00   -0.92496615269867899E+00   -0.38004949198993032E+00
    207    0.29583576265356962E-02    0.28995588254995741E+00    0.79345378565823155E+00    0.53512304771827623E+00
    208    0.29583576265356962E-02   -0.28995588254995741E+00    0.79345378565823155E+00    0.53512304771827623E+00
    209    0.29583576265356962E-02    0.28995588254995741E+00   -0.79345378565823155E+00    0.53512304771827623E+00
    210    0.29583576265356962E-02   -0.28995588254995741E+00   -0.79345378565823155E+00    0.53512304771827623E+00
    211    0.29583576265356962E-02    0.28995588254995741E+00    0.79345378565823155E+00   -0.53512304771827623E+00
    212    0.29583576265356962E-02   -0.28995588254995741E+00    0.79345378565823155E+00   -0.53512304771827623E+00
    213    0.29583576265356962E-02    0.28995588254995741E+00   -0.79345378565823155E+00   -0.53512304771827623E+00
    214    0.29583576265356962E-02   -0.28995588254995741E+00   -0.79345378565823155E+00   -0.53512304771827623E+00
    215    0.29583576265356962E-02    0.28995588254995741E+00    0.53512304771827623E+00    0.79345378565823155E+00
    216    0.29583576265356962E-02   -0.28995588254995741E+00    0.53512304771827623E+00    0.79345378565823155E+00
    217    0.29583576265356962E-02    0.28995588254995741E+00   -0.53512304771827623E+00    0.79345378565823155E+00
    218    0.29583576265356962E-02   -0.28995588254995741E+00   -0.53512304771827623E+00    0.79345378565823155E+00
    219    0.29583576265356962E-02    0.28995588254995741E+00    0.53512304771827623E+00   -0.79345378565823155E+00
    220    0.29583576265356962E-02   -0.28995588254995741E+00    0.53512304771827623E+00   -0.79345378565823155E+00
    221    0.29583576265356962E-02    0.28995588254995741E+00   -0.53512304771827623E+00   -0.79345378565823155E+00
    222    0.29583576265356962E-02   -0.28995588254995741E+00   -0.53512304771827623E+00   -0.79345378565823155E+00
    223    0.29583576265356962E-02    0.79345378565823155E+00    0.28995588254995741E+00    0.53512304771827623E+00
    224    0.29583576265356962E-02   -0.79345378565823155E+00    0.28995588254995741E+00    0.53512304771827623E+00
    225    0.29583576265356962E-02    0.79345378565823155E+00   -0.28995588254995741E+00    0.53512304771827623E+00
    226    0.29583576265356962E-02   -0.79345378565823155E+00   -0.28995588254995741E+00    0.53512304771827623E+00
    227    0.29583576265356962E-02    0.79345378565823155E+00    0.28995588254995741E+00   -0.53512304771827623E+00
    228    0.29583576265356962E-02   -0.79345378565823155E+00    0.28995588254995741E+00   -0.53512304771827623E+00
    229    0.29583576265356962E-02    0.79345378565823155E+00   -0.28995588254995741E+00   -0.53512304771827623E+00
    230    0.29583576265356962E-02   -0.79345378565823155E+00   -0.28995588254995741E+00   -0.53512304771827623E+00
    231    0.29583576265356962E-02    0.79345378565823155E+00    0.53512304771827623E+00    0.28995588254995741E+00
    232    0.29583576265356962E-02   -0.79345378565823155E+00    0.53512304771827623E+00    0.28995588254995741E+00
    233    0.29583576265356962E-02    0.79345378565823155E+00   -0.53512304771827623E+00    0.28995588254995741E+00
    234    0.29583576265356962E-02   -0.79345378565823155E+00   -0.53512304771827623E+00    0.28995588254995741E+00
    235    0.29583576265356962E-02    0.79345378565823155E+00    0.53512304771827623E+00   -0.28995588254995741E+00
    236    0.29583576265356962E-02   -0.79345378565823155E+00    0.53512304771827623E+00   -0.28995588254995741E+00
    237    0.29583576265356962E-02    0.79345378565823155E+00   -0.53512304771827623E+00   -0.28995588254995741E+00
    238    0.29583576265356962E-02   -0.79345378565823155E+00   -0.53512304771827623E+00   -0.28995588254995741E+00
    239    0.29583576265356962E-02    0.53512304771827623E+00    0.28995588254995741E+00    0.79345378565823155E+00
    240    0.29583576265356962E-02   -0.53512304771827623E+00    0.28995588254995741E+00    0.79345378565823155E+00
    241    0.29583576265356962E-02    0.53512304771827623E+00   -0.28995588254995741E+00    0.79345378565823155E+00
    242    0.29583576265356962E-02   -0.53512304771827623E+00   -0.28995588254995741E+00    0.79345378565823155E+00
    243    0.29583576265356962E-02    0.53512304771827623E+00    0.28995588254995741E+00   -0.79345378565823155E+00
    244    0.29583576265356962E-02   -0.53512304771827623E+00    0.28995588254995741E+00   -0.79345378565823155E+00
    245    0.29583576265356962E-02    0.53512304771827623E+00   -0.28995588254995741E+00   -0.79345378565823155E+00
    246    0.29583576265356962E-02   -0.53512304771827623E+00   -0.28995588254995741E+00   -0.79345378565823155E+00
    247    0.29583576265356962E-02    0.53512304771827623E+00    0.79345378565823155E+00    0.28995588254995741E+00
    248    0.29583576265356962E-02   -0.53512304771827623E+00    0.79345378565823155E+00    0.28995588254995741E+00
    249    0.29583576265356962E-02    0.53512304771827623E+00   -0.79345378565823155E+00    0.28995588254995741E+00
    250    0.29583576265356962E-02   -0.53512304771827623E+00   -0.79345378565823155E+00    0.28995588254995741E+00
    251    0.29583576265356962E-02    0.53512304771827623E+00    0.79345378565823155E+00   -0.28995588254995741E+00
    252    0.29583576265356962E-02   -0.53512304771827623E+00    0.79345378565823155E+00   -0.28995588254995741E+00
    253    0.29583576265356962E-02    0.53512304771827623E+00   -0.79345378565823155E+00   -0.28995588254995741E+00
    254    0.29583576265356962E-02   -0.53512304771827623E+00   -0.79345378565823155E+00   -0.28995588254995741E+00
    255    0.30360200264070878E-02    0.96841214551039570E-01    0.82808015066868623E+00    0.55218207434939925E+00
    256    0.30360200264070878E-02   -0.96841214551039570E-01    0.82808015066868623E+00    0.55218207434939925E+00
    257    0.30360200264070878E-02    0.96841214551039570E-01   -0.82808015066868623E+00    0.55218207434939925E+00
    258    0.30360200264070878E-02   -0.96841214551039570E-01   -0.82808015066868623E+00    0.55218207434939925E+00
    259    0.30360200264070878E-02    0.96841214551039570E-01    0.82808015066868623E+00   -0.55218207434939925E+00
    260    0.30360200264070878E-02   -0.96841214551039570E-01    0.82808015066868623E+00   -0.55218207434939925E+00
    261    0.30360200264070878E-02    0.96841214551039570E-01   -0.82808015066868623E+00   -0.55218207434939925E+00
    262    0.30360200264070878E-02   -0.96841214551039570E-01   -0.82808015066868623E+00   -0.55218207434939925E+00
    263    0.30360200264070878E-02    0.96841214551039570E-01    0.55218207434939925E+00    0.82808015066868623E+00
    264    0.30360200264070878E-02   -0.96841214551039570E-01    0.55218207434939925E+00    0.82808015066868623E+00
    265    0.30360200264070878E-02    0.96841214551039570E-01   -0.55218207434939925E+00    0.82808015066868623E+00
    266    0.30360200264070878E-02   -0.96841214551039570E-01   -0.55218207434939925E+00    0.82808015066868623E+00
    267    0.30360200264070878E-02    0.96841214551039570E-01    0.55218207434939925E+00   -0.82808015066868623E+00
    268    0.30360200264070878E-02   -0.96841214551039570E-01    0.55218207434939925E+00   -0.82808015066868623E+00
    269    0.30360200264070878E-02    0.96841214551039570E-01   -0.55218207434939925E+00   -0.82808015066868623E+00
    270    0.30360200264070878E-02   -0.96841214551039570E-01   -0.55218207434939925E+00   -0.82808015066868623E+00
    271    0.30360200264070878E-02    0.82808015066868623E+00    0.96841214551039570E-01    0.55218207434939925E+00
    272    0.30360200264070878E-02   -0.82808015066868623E+00    0.96841214551039570E-01    0.55218207434939925E+00
    273    0.30360200264070878E-02    0.82808015066868623E+00   -0.96841214551039570E-01    0.55218207434939925E+00
    274    0.30360200264070878E-02   -0.82808015066868623E+00   -0.96841214551039570E-01    0.55218207434939925E+00
    275    0.30360200264070878E-02    0.82808015066868623E+00    0.96841214551039570E-01   -0.55218207434939925E+00
    276    0.30360200264070878E-02   -0.82808015066868623E+00    0.96841214551039570E-01   -0.55218207434939925E+00
    277    0.30360200264070878E-02    0.82808015066868623E+00   -0.96841214551039570E-01   -0.55218207434939925E+00
    278    0.30360200264070878E-02   -0.82808015066868623E+00   -0.96841214551039570E-01   -0.55218207434939925E+00
    279    0.30360200264070878E-02    0.82808015066868623E+00    0.55218207434939925E+00    0.96841214551039570E-01
    280    0.30360200264070878E-02   -0.82808015066868623E+00    0.55218207434939925E+00    0.96841214551039570E-01
    281    0.30360200264070878E-02    0.82808015066868623E+00   -0.55218207434939925E+00    0.96841214551039570E-01
    282    0.30360200264070878E-02   -0.82808015066868623E+00   -0.55218207434939925E+00    0.96841214551039570E-01
    283    0.30360200264070878E-02    0.82808015066868623E+00    0.55218207434939925E+00   -0.96841214551039570E-01
    284    0.30360200264070878E-02   -0.82808015066868623E+00    0.55218207434939925E+00   -0.96841214551039570E-01
    285    0.30360200264070878E-02    0.82808015066868623E+00   -0.55218207434939925E+00   -0.96841214551039570E-01
    286    0.30360200264070878E-02   -0.82808015066868623E+00   -0.55218207434939925E+00   -0.96841214551039570E-01
    287    0.30360200264070878E-02    0.55218207434939925E+00    0.96841214551039570E-01    0.82808015066868623E+00
    288    0.30360200264070878E-02   -0.55218207434939925E+00    0.96841214551039570E-01    0.82808015066868623E+00
    289    0.30360200264070878E-02    0.55218207434939925E+00   -0.96841214551039570E-01    0.82808015066868623E+00
    290    0.30360200264070878E-02   -0.55218207434939925E+00   -0.96841214551039570E-01    0.82808015066868623E+00
    291    0.30360200264070878E-02    0.55218207434939925E+00    0.96841214551039570E-01   -0.82808015066868623E+00
    292    0.30360200264070878E-02   -0.55218207434939925E+00    0.96841214551039570E-01   -0.82808015066868623E+00
    293    0.30360200264070878E-02    0.55218207434939925E+00   -0.96841214551039570E-01   -0.82808015066868623E+00
    294    0.30360200264070878E-02   -0.55218207434939925E+00   -0.96841214551039570E-01   -0.82808015066868623E+00
    295    0.30360200264070878E-02    0.55218207434939925E+00    0.82808015066868623E+00    0.96841214551039570E-01
    296    0.30360200264070878E-02   -0.55218207434939925E+00    0.82808015066868623E+00    0.96841214551039570E-01
    297    0.30360200264070878E-02    0.55218207434939925E+00   -0.82808015066868623E+00    0.96841214551039570E-01
    298    0.30360200264070878E-02   -0.55218207434939925E+00   -0.82808015066868623E+00    0.96841214551039570E-01
    299    0.30360200264070878E-02    0.55218207434939925E+00    0.82808015066868623E+00   -0.96841214551039570E-01
    300    0.30360200264070878E-02   -0.55218207434939925E+00    0.82808015066868623E+00   -0.96841214551039570E-01
    301    0.30360200264070878E-02    0.55218207434939925E+00   -0.82808015066868623E+00   -0.96841214551039570E-01
    302    0.30360200264070878E-02   -0.55218207434939925E+00   -0.82808015066868623E+00   -0.96841214551039570E-01
    303    0.28321874039263029E-02    0.18334346470416590E+00    0.90746582653051266E+00    0.37800918987448673E+00
    304    0.28321874039263029E-02   -0.18334346470416590E+00    0.90746582653051266E+00    0.37800918987448673E+00
    305    0.28321874039263029E-02    0.18334346470416590E+00   -0.90746582653051266E+00    0.37800918987448673E+00
    306    0.28321874039263029E-02   -0.18334346470416590E+00   -0.90746582653051266E+00    0.37800918987448673E+00
    307    0.28321874039263029E-02    0.18334346470416590E+00    0.90746582653051266E+00   -0.37800918987448673E+00
    308    0.28321874039263029E-02   -0.18334346470416590E+00    0.90746582653051266E+00   -0.37800918987448673E+00
    309    0.28321874039263029E-02    0.18334346470416590E+00   -0.90746582653051266E+00   -0.37800918987448673E+00
    310    0.28321874039263029E-02   -0.18334346470416590E+00   -0.90746582653051266E+00   -0.37800918987448673E+00
    311    0.28321874039263029E-02    0.18334346470416590E+00    0.37800918987448673E+00    0.90746582653051266E+00
    312    0.28321874039263029E-02   -0.18334346470416590E+00    0.37800918987448673E+00    0.90746582653051266E+00
    313    0.28321874039263029E-02    0.18334346470416590E+00   -0.37800918987448673E+00    0.90746582653051266E+00
    314    0.28321874039263029E-02   -0.18334346470416590E+00   -0.37800918987448673E+00    0.90746582653051266E+00
    315    0.28321874039263029E-02    0.18334346470416590E+00    0.37800918987448673E+00   -0.90746582653051266E+00
    316    0.28321874039263029E-02   -0.18334346470416590E+00    0.37800918987448673E+00   -0.90746582653051266E+00
    317    0.28321874039263029E-02    0.18334346470416590E+00   -0.37800918987448673E+00   -0.90746582653051266E+00
    318    0.28321874039263029E-02   -0.18334346470416590E+00   -0.37800918987448673E+00   -0.90746582653051266E+00
    319    0.28321874039263029E-02    0.90746582653051266E+00    0.18334346470416590E+00    0.37800918987448673E+00
    320    0.28321874039263029E-02   -0.90746582653051266E+00    0.18334346470416590E+00    0.37800918987448673E+00
    321    0.28321874039263029E-02    0.90746582653051266E+00   -0.18334346470416590E+00    0.37800918987448673E+00
    322    0.28321874039263029E-02   -0.90746582653051266E+00   -0.18334346470416590E+00    0.37800918987448673E+00
    323    0.28321874039263029E-02    0.90746582653051266E+00    0.18334346470416590E+00   -0.37800918987448673E+00
    324    0.28321874039263029E-02   -0.90746582653051266E+00    0.18334346470416590E+00   -0.37800918987448673E+00
    325    0.28321874039263029E-02    0.90746582653051266E+00   -0.18334346470416590E+00   -0.37800918987448673E+00
    326    0.28321874039263029E-02   -0.90746582653051266E+00   -0.18334346470416590E+00   -0.37800918987448673E+00
    327    0.28321874039263029E-02    0.90746582653051266E+00    0.37800918987448673E+00    0.18334346470416590E+00
    328    0.28321874039263029E-02   -0.90746582653051266E+00    0.37800918987448673E+00    0.18334346470416590E+00
    329    0.28321874039263029E-02    0.90746582653051266E+00   -0.37800918987448673E+00    0.18334346470416590E+00
    330    0.28321874039263029E-02   -0.90746582653051266E+00   -0.37800918987448673E+00    0.18334346470416590E+00
    331    0.28321874039263029E-02    0.90746582653051266E+00    0.37800918987448673E+00   -0.18334346470416590E+00
    332    0.28321874039263029E-02   -0.90746582653051266E+00    0.37800918987448673E+00   -0.18334346470416590E+00
    333    0.28321874039263029E-02    0.90746582653051266E+00   -0.37800918987448673E+00   -0.18334346470416590E+00
    334    0.28321874039263029E-02   -0.90746582653051266E+00   -0.37800918987448673E+00   -0.18334346470416590E+00
    335    0.28321874039263029E-02    0.37800918987448673E+00    0.18334346470416590E+00    0.90746582653051266E+00
    336    0.28321874039263029E-02   -0.37800918987448673E+00    0.18334346470416590E+00    0.90746582653051266E+00
    337    0.28321874039263029E-02    0.37800918987448673E+00   -0.18334346470416590E+00    0.90746582653051266E+00
    338    0.28321874039263029E-02   -0.37800918987448673E+00   -0.18334346470416590E+00    0.90746582653051266E+00
    339    0.28321874039263029E-02    0.37800918987448673E+00    0.18334346470416590E+00   -0.90746582653051266E+00
    340    0.28321874039263029E-02   -0.37800918987448673E+00    0.18334346470416590E+00   -0.90746582653051266E+00
    341    0.28321874039263029E-02    0.37800918987448673E+00   -0.18334346470416590E+00   -0.90746582653051266E+00
    342    0.28321874039263029E-02   -0.37800918987448673E+00   -0.18334346470416590E+00   -0.90746582653051266E+00
    343    0.28321874039263029E-02    0.37800918987448673E+00    0.90746582653051266E+00    0.18334346470416590E+00
    344    0.28321874039263029E-02   -0.37800918987448673E+00    0.90746582653051266E+00    0.18334346470416590E+00
    345    0.28321874039263029E-02    0.37800918987448673E+00   -0.90746582653051266E+00    0.18334346470416590E+00
    346    0.28321874039263029E-02   -0.37800918987448673E+00   -0.90746582653051266E+00    0.18334346470416590E+00
    347    0.28321874039263029E-02    0.37800918987448673E+00    0.90746582653051266E+00   -0.18334346470416590E+00
    348    0.28321874039263029E-02   -0.37800918987448673E+00    0.90746582653051266E+00   -0.18334346470416590E+00
    349    0.28321874039263029E-02    0.37800918987448673E+00   -0.90746582653051266E+00   -0.18334346470416590E+00
    350    0.28321874039263029E-02   -0.37800918987448673E+00   -0.90746582653051266E+00   -0.18334346470416590E+00
