--------------------------------------------------------------------------------
				ASAC FITTING PROGRAM v2.1 DENSITY OUTPUT FILE 
--------------------------------------------------------------------------------
ATOM 01
 13 0
 1.6974473253E-02	 1.1312807919E+02
 5.3025697740E-02	 6.6470125536E+00
 3.0592022212E-02	 5.3772337038E-01
 5.8707537674E-02	 1.2094177622E+00
 3.9342138430E-03	 3.5105124063E+03
 6.1214629017E-03	 9.5506080498E+02
 3.8470423701E-02	 1.6399410871E+01
 4.7015082653E-03	 2.3950580176E-01
 4.2305722453E-03	 4.8487238729E+08
 6.3961685151E-02	 2.7908454796E+00
 1.0719169010E-02	 3.2100441066E+02
 2.6066777824E-02	 4.2095237219E+01
 8.0914384550E-04	 1.4706017501E+03
--------------------------------------------------------------------------------
ATOM 02
 20 0
 3.72587013930776000E-01	3.22049584257601000E+01
 3.03125226640509000E-01	5.92862791831091000E+01
 3.55156193642548000E-01	3.23706355904431000E+00
 6.81872637173492000E-02	1.61835956608224000E+03
 2.62709918168175000E-02	1.35094660425194000E+04
 9.62863544507734000E-02	1.03045514096093000E+00
 3.77920862379295000E-02	8.61567791157559000E+04
 2.22337095698631000E-01	1.83287991704299000E+00
 1.30520673406063000E-01	4.23862904237793000E+02
 2.24296355532833000E-02	5.73160579903299000E-01
 9.37424202617610000E-02	8.26383780782377000E+02
 2.39218920951108000E-01	1.11827115869475000E+02
 1.52543877042631000E-03	3.08911634633236000E-01
 4.33436114721961000E-01	1.78294322243255000E+01
 1.95686993455118000E-02	2.96150976908799000E+04
 4.42597495414955000E-01	5.69232235232830000E+00
 3.60435849926551000E-02	6.49084148432205000E+03
 1.80913727074189000E-01	2.16682704507575000E+02
 4.95652456223779000E-02	3.21124214858286000E+03
 4.64613861668947000E-01	1.00265876351762000E+01
--------------------------------------------------------------------------------
ATOM 03
 20 0
 1.73910306538455000E+00	1.43720065982558000E+01
 4.68131319934221000E-01	9.47115407405902000E+02
 9.32335316863302000E-01	4.68404489605021000E+00
 1.06095520157587000E+00	1.50180919767390000E+02
 7.48828729260398000E-02	6.97720209010184000E+04
 1.34593678495505000E+00	8.22406324879563000E+01
 2.59141396717078000E-01	3.48212688033284000E+03
 1.44482604658001000E-01	1.41870295819931000E+04
 5.56018291363616000E-03	8.29226753237294000E-01
 1.93319917802891000E-01	6.87781643828071000E+03
 1.04020652065583000E-01	3.07166124044656000E+04
 1.77314403758160000E+00	2.53806527752997000E+01
 4.08640248217337000E-01	2.67386831009337000E+00
 8.11978015398148000E-01	2.75327500805785000E+02
 9.18810498055641000E-02	1.51575486153528000E+00
 3.50628448503757000E-01	1.80098086731805000E+03
 1.38245998390784000E-01	2.15905017006394000E+05
 1.44243672851088000E+00	8.19601785466215000E+00
 6.16264530266749000E-01	5.07267465132135000E+02
 1.61224197560743000E+00	4.53855482854463000E+01
--------------------------------------------------------------------------------
ATOM 04
 20 0
 1.77606463209135000E+00	5.13722310451951000E+00
 1.28160913822961000E+00	1.90033188400093000E+03
 3.36902561733326000E-01	3.04604897670999000E+04
 5.85632689471347000E+00	5.48021802252110000E+01
 1.78379732021387000E+00	4.88344319530305000E+02
 1.76102985503503000E+00	9.44929235434336000E+02
 6.10781401014007000E-01	7.60537446978470000E+03
 3.69218013450984000E-02	2.17818672622721000E-01
 1.87107648220367000E-01	1.51445758683046000E+05
 6.26004181889676000E+00	2.57655580876076000E+01
 4.64642248784651000E+00	1.14026104458017000E+02
 3.40278583883845000E+00	2.32282063196717000E+02
 3.20719923616495000E-01	3.28739606193938000E+06
 4.50412317405113000E-01	1.49194948838468000E+04
 3.53078604599167000E-05	9.02772024628100000E-03
 8.94375614290415000E-01	3.84598431539552000E+03
 2.47448656854422000E-01	6.52104232695759000E+04
 4.78589602655851000E+00	1.17643338611383000E+01
 7.49037085735585000E-01	4.24442019656491000E+02
 1.61011632883149000E-05	1.29366853431204000E+03
--------------------------------------------------------------------------------
ATOM 05
 20 0
 1.01809818478880000E+01	1.97373457654269000E+01
 9.26728450128623000E+00	1.90290178227595000E+02
 3.35065071250653000E+00	1.52782109428518000E+03
 4.80216625370368000E+00	7.80775059760711000E+02
 3.72396677827405000E-01	1.96875803307502000E+05
 1.33311825236797000E+00	1.01820680568463000E+04
 3.98244080260910000E+00	8.70982952162605000E+00
 1.26188179089414000E-01	4.15844500025919000E-01
 1.28683678153284000E+01	4.30276185569731000E+01
 1.17958156123571000E+01	9.13896392396020000E+01
 7.35347237671203000E-01	4.23546139917549000E+04
 1.01829006782878000E+00	2.03348255239975000E+04
 1.70894775843118000E+00	5.36905483265467000E+03
 6.60292164810841000E+00	3.88157702661555000E+02
 2.32824484380893000E+00	2.89627209731460000E+03
 2.93167985995837000E-03	8.78515217945977000E-02
 7.36932589608435000E-01	5.58214534439192000E+05
 5.15702409157663000E-01	9.00453069203703000E+04
 5.18099268284908000E-08	1.95315718930547000E+01
 1.92643905582256000E-01	4.29872739928854000E+02
--------------------------------------------------------------------------------
ATOM 06
 20 0
 1.48434247004683000E+02	1.22677312307322000E+02
 1.03058593225554000E+02	1.94146822215853000E+03
 1.69828597249744000E+02	5.03374099313284000E+02
 2.35494597533851000E-02	2.29077844822831000E-01
 4.10279791499124000E+01	1.39588070220055000E+04
 3.00893889772065000E+01	2.71884547400037000E+04
 1.60320317923832000E+01	1.08948570773733000E+05
 6.07528886258449000E+00	1.09319491740332000E+06
 1.12709569736109000E+01	3.29092059053500000E+06
 6.32956741276777000E+01	5.88263796115289000E+01
 2.41794169705070000E+00	2.16860259449093000E+00
 7.62558735028481000E+01	3.74843023150214000E+03
 1.36529390717513000E+02	9.95754073728972000E+02
 2.20813626198613000E+01	5.38566558369944000E+04
 1.83610010952375000E+02	2.50592583982528000E+02
 5.60774037839980000E+01	7.22270965347588000E+03
 6.44599364144198000E-03	9.73275140177890000E-02
 7.68633128804749000E+00	5.15543240969598000E+00
 8.33669119346269000E+00	4.83869159593998000E+05
 1.15802414288870000E+01	2.25840870094013000E+05
--------------------------------------------------------------------------------
ATOM 07
 20 0
 3.58321507569509000E+01	8.36735947117592000E+01
 2.84706191975220000E+01	3.95465303533316000E+01
 1.97290177303514000E+01	7.08555368548120000E+02
 1.44235871812632000E+01	1.41468572246142000E+03
 2.07817626731903000E+00	1.03283404737278000E+05
 1.04628551853349000E+00	6.28971922406525000E+05
 6.66883961655833000E-01	1.15321786128602000E+00
 2.63858447474905000E+01	3.52599738556316000E+02
 5.24371909077132000E+00	1.10402278282939000E+04
 7.32886365705857000E+00	5.60459698193316000E+03
 9.73045995060540000E-02	3.98042438194126000E-01
 1.14602539732059000E+01	1.81321911236563000E+01
 3.91242409991037000E+00	2.21242468835177000E+04
 1.35599415835973000E+00	2.36991814912110000E+05
 3.30909207690871000E+01	1.73224865608388000E+02
 2.90579169008413000E+00	4.65525845736717000E+04
 1.03822137184246000E+01	2.82356587492779000E+03
 1.52653185303572000E+00	5.14678475513375000E+06
 2.18703079909716000E-05	1.22584421720681000E+00
 1.58657553209106000E-01	3.48962925696143000E+05
--------------------------------------------------------------------------------
ATOM 08
 20 0
 1.12345115418068000E+01	6.32955504862108000E+03
 3.98683064825507000E+01	4.36335179981689000E+02
 2.15889339413750000E+00	2.16967853541120000E+05
 1.68530733461392000E+01	2.39625218939236000E+01
 1.23447437770886000E+00	1.71105174635751000E+00
 3.02204872318811000E+00	1.07079965462954000E+05
 4.95091059241908000E+01	2.17482479200860000E+02
 5.30605298918608000E+01	1.06613888883924000E+02
 8.75580413307623000E-04	9.01847600081100000E-02
 4.06735920325097000E+00	1.90548771125674000E+04
 7.41509976088112000E+00	1.17234401809456000E+04
 3.00890757982973000E+01	8.64426905849968000E+02
 4.01787084362598000E+00	5.37243617046140000E+04
 2.20008359090801000E+01	1.69673059606031000E+03
 3.34836771006188000E+00	1.31161281292494000E+06
 1.66625703614763000E+00	4.59428814672144000E+05
 2.58494177355085000E-01	6.16511210620632000E-01
 4.26656093122922000E+00	2.94010329954197000E+04
 1.58294405576606000E+01	3.29806033771783000E+03
 4.18076458377288000E+01	5.12290866190891000E+01
--------------------------------------------------------------------------------
ATOM 09
 20 0
 7.44859364554968000E+01	1.31256748465195000E+02
 3.75181519331641000E+00	1.57149833156347000E+05
 1.21551722365838000E+01	1.32614058933126000E+04
 2.07651825018569000E+00	2.41460388891959000E+00
 5.68919906587619000E+01	5.18596435240466000E+02
 3.23000005167109000E+01	1.93148863272562000E+03
 2.34809030392410000E+01	3.05651954370098000E+01
 2.76308847068049000E+00	3.02922733450285000E+05
 1.71416375204484000E+01	7.06204230881349000E+03
 6.49663924093021000E+00	4.42648484217311000E+04
 7.01297021625945000E+01	2.63351677914198000E+02
 5.72802312427577000E-01	9.14673815515757000E-01
 2.22180374868452000E+00	6.15365420583527000E+05
 8.70690428170523000E+00	2.43545962384071000E+04
 1.21191041569090000E-02	2.65612761375735000E-01
 5.05724682360463000E+00	8.21081150137592000E+04
 4.33584325142113000E+01	1.00514682822950000E+03
 4.72659825492682000E+00	1.70075594269808000E+06
 5.82282119125732000E+01	6.41304234624634000E+01
 2.37646787661512000E+01	3.70090379930599000E+03
--------------------------------------------------------------------------------
ATOM 10
 20 0
 7.93777056276203000E+01	6.16733829775837000E+02
 4.53421973514551000E+01	2.28710215066478000E+03
 1.79314759767094000E+01	1.57865732737741000E+04
 7.82388070345869000E+01	7.84086177278761000E+01
 9.58599411111434000E+00	5.95762084967877000E+04
 5.49844908698994000E+00	9.43824245915869000E+06
 1.10846466288564000E+00	1.30355622594976000E+00
 3.82667143413798000E+00	4.67045997656107000E+05
 1.01118196891885000E+02	1.58383688921985000E+02
 3.15114382920699000E+01	3.79788589682326000E+01
 9.65709284372334000E+01	3.14721781532420000E+02
 5.04622229624350000E+00	2.28125032177099000E+05
 3.33738638482411000E+01	4.36938337070305000E+03
 2.91278183808472000E+00	1.02835466099200000E+06
 2.42417447760806000E+01	8.30699793555437000E+03
 5.79459127408692000E-02	4.66554519443479000E-01
 6.83693918375997000E+00	1.16177051707296000E+05
 6.07780484783707000E+01	1.19306443299635000E+03
 1.33122248264835000E+01	3.04883832946552000E+04
 3.25200054982993000E+00	3.27400810079610000E+00
--------------------------------------------------------------------------------
ATOM 11
 20 0
 9.20803640968834000E+02	1.22189643124851000E+03
 3.13814476877432000E+02	1.77990842669263000E+04
 4.27956655794054000E+02	8.90253049137928000E+03
 4.58675804753177000E+02	1.00329926784234000E+02
 7.45215827796683000E+02	2.33022467508932000E+03
 2.22189697351065000E+00	2.26615030342340000E+00
 9.85794234442834000E+00	5.19860371550670000E+00
 5.74169009250951000E+02	4.52000533764455000E+03
 8.09765846269952000E+01	3.48555024194344000E+05
 1.14970049656914000E+02	1.60397497766216000E+05
 1.07156763935675000E+03	3.48897185195294000E+02
 5.83701744036616000E+01	7.90229703019078000E+05
 1.05806316423436000E+03	6.50104886736639000E+02
 8.61876070468767000E+02	1.87744489819349000E+02
 1.63083856306823000E+02	7.55216210787569000E+04
 1.04444525258413000E+02	4.83623021879342000E+01
 1.11129728332094000E-02	4.57084419209399000E-01
 5.13746444836721000E-05	1.78880684187202000E-02
 1.08135332204613000E+02	2.37641263112583000E+06
 2.27890969161739000E+02	3.62655234969750000E+04
--------------------------------------------------------------------------------
ATOM 12
 20 0
 6.35965502054786000E+01	5.88888845082949000E+01
 1.43030867054932000E+02	1.07380754082484000E+03
 1.08410331011403000E+02	2.23284225814662000E+03
 1.50117040702176000E+02	1.23262307444958000E+02
 1.34838845134140000E+01	2.43016451077548000E+06
 2.42195690249029000E+00	2.17015740213166000E+00
 3.95092239301249000E+01	2.23978744176600000E+04
 1.85168895137014000E+01	1.18127351541432000E+05
 1.24637980137004000E+01	2.84276853095096000E+05
 7.91010750287664000E+01	4.71483190558733000E+03
 7.68316944933775000E+00	5.15741603752978000E+00
 1.75707768145834000E+02	5.21636897716111000E+02
 5.63844924455293000E+01	1.01559962120748000E+04
 6.99250683378096000E-07	1.85216930873237000E-04
 6.35260796614821000E-03	9.45204161393147000E-02
 2.38235673221611000E-02	2.30241970211613000E-01
 2.30691123099018000E-07	9.20282347379173000E-02
 1.87545616405337000E+02	2.54235214153318000E+02
 8.46915160688886000E+00	7.18556494179292000E+05
 2.72461027653431000E+01	5.07182503348299000E+04
--------------------------------------------------------------------------------
ATOM 13
 20 0
 2.38749996727724000E+02	3.07808872015349000E+02
 9.47988001695004000E+01	4.69236375529515000E+03
 1.59278652012857000E+01	3.20970002962581000E+06
 1.72980819780271000E+02	1.23827872275797000E+03
 8.61238576671536000E+01	7.12888876113877000E+01
 1.96993518556521000E+02	1.49651238991915000E+02
 1.95572088839178000E+01	1.21604337611432000E+05
 1.29470791155984000E+02	2.42577368638090000E+03
 1.09119483310737000E+01	6.29740488926684000E+00
 1.41516038200176000E+01	2.34720333793591000E+05
 2.17486854683573000E+02	6.22341504123483000E+02
 3.38353318199252000E+00	2.79537908441039000E+00
 1.12048035964605000E+01	4.75755584704554000E+05
 4.94073868120635000E+01	1.69623761419982000E+04
 2.17801337957049000E-04	1.86492868737100000E-02
 6.84371754792180000E+01	8.97965716333723000E+03
 3.69332460974397000E+01	3.20526816757212000E+04
 5.32095080497829000E-02	2.08616200691915000E-01
 8.54103525779928000E+00	1.05662258144156000E+06
 2.77321272866278000E+01	6.20531951974400000E+04
--------------------------------------------------------------------------------
ATOM 14
 20 0
 2.40660163735779000E+01	5.07574697228841000E+05
 3.11022056809831000E+02	1.09601387615357000E+03
 1.02125390077906000E+02	1.86246056979859000E+04
 1.28511310496665000E+02	8.77404332557628000E+01
 3.59557785047498000E+02	4.59488901070716000E+02
 3.01855854315272000E+02	1.98490944398950000E+02
 2.80892853857150000E+01	2.26742227000532000E+06
 2.29743105665567000E+02	2.70618879325207000E+03
 3.96972280587400000E+01	1.57016267100353000E+05
 6.45228857031528000E+01	5.25004700687970000E+04
 1.44025370484497000E+01	7.77519018988133000E+00
 1.56685734688710000E+02	6.94591987448012000E+03
 5.26164021948292000E+00	3.71167304784811000E+00
 1.04745888427109000E-01	2.69425287591476000E-01
 2.37459637208009000E-04	7.89160803990591000E-04
 2.83388436712784000E-05	8.92592029177953000E+01
 1.30099604159314000E-06	1.07623720063013000E-02
 6.92343953575392000E-04	1.47074303145485000E-02
 1.38453933774782000E-04	2.71459693744249000E-01
 2.65997301246863000E-06	1.05383571608007000E-02
--------------------------------------------------------------------------------
ATOM 15
 20 0
 3.22137459669892000E+02	2.11399425581366000E+02
 3.37279963391998000E+02	8.96065020539409000E+02
 3.21452929264417000E+01	1.59611978093601000E+05
 1.97000054547932000E+01	9.03324101796277000E+00
 1.01525587392200000E+02	1.29357971124775000E+04
 1.39999522363859000E+02	6.82420697685625000E+03
 2.37540101987978000E+01	4.59872164115596000E+06
 7.32339622779386000E+01	2.43060136496274000E+04
 1.25940060486283000E+01	1.54636764547038000E+06
 1.72203237246943000E+01	6.91494317570976000E+05
 6.38014697422687000E+00	4.50753326961105000E+00
 2.64050539666416000E+02	1.79691073151087000E+03
 4.07146613596271000E+01	8.20468355234564000E+04
 3.78758635084249000E+02	4.39111900907720000E+02
 1.94699463697666000E+02	3.53851877904160000E+03
 1.78360525054693000E-01	3.23007993122595000E-01
 1.46360016243137000E+02	9.98004035980737000E+01
 8.75900896517664000E-06	5.15609439628275000E+02
 2.36943325762866000E+01	3.26130037579246000E+05
 5.20048000472291000E+01	4.46726036323685000E+04
--------------------------------------------------------------------------------
ATOM 16
 20 0
 4.74048860521376000E+02	5.19534322940676000E+02
 2.48193287870349000E+02	4.82850612034213000E+03
 2.52470029523265000E+01	1.06514151031476000E+01
 3.35422660053977000E+02	2.28070119301951000E+03
 3.43353229698625000E+01	4.03121979718291000E+06
 1.75513385302497000E+02	1.03045831314193000E+04
 4.03636710195336000E+02	2.47031530472714000E+02
 3.30296428024439000E+01	4.45289298099988000E+05
 2.24111104193565000E+01	1.15452784451853000E+06
 5.80855344787671000E+01	8.59108739787068000E+04
 2.98538016048064000E-01	4.02070372808506000E-01
 1.85111374664268000E+02	1.15928010682328000E+02
 4.24813238065533000E+02	1.08697066814238000E+03
 8.74392988935325000E+00	5.65337899297199000E+00
 7.65549246670569000E+01	4.37333163922490000E+04
 1.17717031123827000E+02	2.17644114971213000E+04
 8.10788416219636000E-08	1.71573997394383000E+01
 9.31681758082361000E-05	1.86292859014727000E+02
 4.63473929579493000E+01	1.85524703698509000E+05
 3.15177819277468000E-05	5.14701046204165000E+04
--------------------------------------------------------------------------------
ATOM 17
 20 0
 5.68645242008848000E+02	5.94765827254710000E+02
 1.49138967600235000E+02	2.42908512064159000E+04
 4.90321813348989000E+02	2.83499297995123000E+02
 3.13357572723337000E+01	1.24585356981016000E+01
 2.47239756666482000E+01	1.50789231813517000E+06
 2.61770778037314000E-12	6.86627181833193000E-01
 3.98191752750561000E+02	2.56648083504699000E+03
 2.96509752477794000E+02	5.36250253554918000E+03
 3.56846076809568000E+01	5.93172229605932000E+05
 4.97033415462192000E+01	2.53326294713865000E+05
 6.45086916246508000E+01	1.17213791231532000E+05
 5.05434860031157000E+02	1.23643047046506000E+03
 1.21299508590012000E+01	7.05084917753459000E+00
 2.13768947172354000E+02	1.13506330864676000E+04
 9.72774573368565000E+01	5.14283836122178000E+04
 2.28481952969421000E+02	1.33064427910676000E+02
 3.56354563988607000E-05	8.13546857175823000E+02
 4.71817382385049000E-01	4.91420309096719000E-01
 3.86600695455448000E+01	5.14534991906519000E+06
 1.42048738623875000E+01	7.84232682145387000E+04
--------------------------------------------------------------------------------
ATOM 18
 20 0
 5.87340063480157000E+02	3.22119144391227000E+02
 2.41413440553820000E+02	1.08898732457917000E+04
 3.35022432047504000E+02	5.56081846764862000E+03
 1.72484933961513000E+01	8.75136314376394000E+00
 1.68952399209528000E+01	3.19050207461298000E+06
 7.07437899361392000E-01	5.86616640396155000E-01
 6.71978854736672000E+01	1.76529633361781000E+05
 1.32003213853503000E+02	4.19984207305372000E+04
 2.32848695601031000E+01	1.50319717803729000E+06
 6.72259618889550000E+02	6.73138451744674000E+02
 4.56255471970964000E+02	2.79589746606836000E+03
 3.19558124733652000E+01	7.35583495785584000E+05
 5.88698464979429000E+02	1.38316323025393000E+03
 3.74399221032826000E+01	1.44920565247991000E+01
 2.77615164751982000E+02	1.51341039637183000E+02
 1.67378137928140000E-02	3.47169904651680000E+05
 9.57327408376501000E+01	8.55515279051372000E+04
 1.76897040237434000E+02	2.11896916489559000E+04
 3.56630301676344000E+01	8.31533384114852000E+06
 4.61356959002352000E+01	3.63013331447984000E+05
--------------------------------------------------------------------------------
ATOM 19
 1 0 
 0	0
--------------------------------------------------------------------------------
ATOM 20
 1 0 
 0	0
--------------------------------------------------------------------------------
ATOM 21
 1 0 
 0	0
--------------------------------------------------------------------------------
ATOM 22
 1 0 
 0	0
--------------------------------------------------------------------------------
ATOM 23
 1 0  
 0	0
--------------------------------------------------------------------------------
ATOM 24
 1 0 
 0	0
--------------------------------------------------------------------------------
ATOM 25
 1 0 
 0	0
--------------------------------------------------------------------------------
ATOM 26
 1 0 
 0	0
--------------------------------------------------------------------------------
ATOM 27
 1 0 
 0	0
--------------------------------------------------------------------------------
ATOM 28
 1 0 
 0	0
--------------------------------------------------------------------------------
ATOM 29
20 0 
 1.02616152450355000E+02	4.40770214037677000E+01
 2.65853113422814000E+03	9.15265317929361000E+02
 2.58307698662541000E+02	1.72653867494256000E+05
 2.50386657087458000E+03	3.94699846992545000E+03
 2.93449345617720000E+02	2.75359875755345000E+05
 9.84023485598164000E+01	5.56230011716382000E+06
 1.39725431437297000E+03	1.60477465330036000E+04
 6.91350204769883000E+02	6.05936350514064000E+04
 1.25675867842447000E+01	2.67906500254954000E+00
 4.37642276605187000E+02	1.09846605706716000E+05
 1.84097440185408000E+02	1.65812846233973000E+07
 1.34912442569850000E+03	4.30409128512329000E+02
 9.93705212425171000E+02	3.15546274999222000E+04
 2.00905965877670000E+02	1.09449449717769000E+06
 2.62429431624025000E+02	5.23406677322121000E+05
 1.31466050414146000E-01	2.84444145203196000E-01
 1.91934158910200000E+03	8.01888239176684000E+03
 2.05872421272109000E+02	3.74758105948602000E+01
 1.42246092354454000E+02	2.43075159057431000E+06
 2.92075832250956000E+03	1.91506347480538000E+03 
--------------------------------------------------------------------------------